049204891496
094404975576
093804715616
000004488620
009604304168
097104801352
039604691080
089504476864
083803866408
038104369132
012502700454
061804152352
028304694430
063904847552
006404962181
010004969878
038704758864
083304742584
042704762692
000004655325
012704409690
068104792896
028004753970
018804577536
096204835480
059404634628
053204944168
063103638956
024004741444
075004832808
080804315240
080104522400
031704729894
010704842564
077304538192
038804659592
054504688692
088304483768
022104787686
040504859584
091804524608
040904858996
049404682636
042304205692
023204991004
009603933602
090902783880
033804279340
006504622817
032704485094
015804877802
097104820120
028304891958
097504864616
011204524956
069804843040
027104862754
005704208570
004604491237
083004618056
012604433724
052204857764
023504784646
006204232673
030602948016
078204059048
016704886492
023304728436
091604684992
095004293080
022104695798
027804912320
028704875096
040504930364
037204332024
004204893943
053104327784
050604929900
026604662522
044204245796
074304965504
078704173064
027804681348
041403120632
091804671040
094004256560
041804702056
032604904426
071304382872
008504793386
018404856626
065504634812
096604913464
021604677106
013204862486
069504363648
019704277066
061004939280
046204889360
052003738340
000604780232
043604266196
035304708804
016104489802
059704941956
069304932800
069803961216
044404756632
040604988956
030604699706
016004983104
007304711160
036302804052
087004690264
030103585472
064804900532
046203920972
084904857200
079304583232
004104825345
091304951712
086404790864
015704909854
087404252192
084504691200
089204935688
079104932216
064204763304
020504718898
062204547968
036404811256
001202778126
076804713416
082204740920
045504871280
031504840984
099204488712
067904831488
040904842012
053904837452
054904768740
012103918448
070702759016
037704584116
069104008736
009504478478
045604708048
032303823718
089304365992
095004788760
098004667888
038604258316
075803332816
058704941028
039104085388
088104933664
093204538248
060104584724
012404769614
067604299160
010804624228
080404872024
042604890636
002704648728
051604436184
064804896656
078604067800
019803924386
035004925900
004004970908
084904770760
054704978208
082404960360
063604599132
042304691824
032904636198
048104780188
019604434026
005104846760
082203879176
045003533276
094104730720
096104761928
052103708032
050004335120
001803809990
000604463793
046404791904
097304628848
031604936870
010704876944
069204666552
004804490549
059404872520
035304575320
095104189776
006704878473
010604760762
052804486904
054404770056
031904923724
078004644120
095104048576
074904803248
008504904450
048004744944
072704450776
076404329912
062804498700
034004832096
031004862394
023004944390
090104942296
082004758016
062104136288
016704670346
006204505684
022704589640
016204777802
081004650912
065304852184
069004957920
036004901712
038603960632
005904606016
046204752340
065703650836
042104764016
065704947912
099004740752
098504299904
074904304160
089704634432
028104923152
039504564824
086404891832
093904700144
089704800144
023803664728
062004567516
094204842936
004404585816
044204660156
040004508204
020704616316
025104721618
074603849016
065904484464
021504827702
043503740108
051003728264
055004844216
061204765196
012204980130
002303949335
088004419344
035904811424
087304600712
080404883968
035804485112
083603913512
016504893444
036004794492
095002416976
027903346586
095704513824
098404897432
085204024872
066104609516
009304111974
017404932570
089704001088
086603067336
039004297624
047204086248
068304043784
000803884283
084504860376
022004408520
088604006576
064603917260
049404565100
053904432560
040704250992
033304860362
092704825704
041904360328
000204998786
090304840480
051704904472
093802372920
039004401964
087404648128
077404912016
074103937200
045604923892
034504656924
055604806280
000204577931
081304196384
032404742642
003404925133
032704673208
048504675260
018304896806
042704995824
079804995464
065104004932
003604018497
001704977136
098804686304
069804361328
071204737776
012904832260
004304942520
023504659302
095304704480
039204794900
015004310530
042803644348
031804437750
070604614144
043804458648
039103345748
071304196080
018204280024
012603084822
011004847190
029104866674
017604763282
007404822787
090004066568
047304840864
027604247746
029704646360
047704783720
031604958822
006504639101
006504665053
068404900408
067704904040
022404803306
029304835636
029204514734
083403557288
073203791920
018004889104
088604750256
044004247828
020504635744
068704947456
079904976520
032203995234
048904930436
026604425490
059604848836
051304655164
078504573992
087204317400
073104661504
060004916220
039504422940
099304139792
044104000560
084804771784
091704780672
072904504776
000304264053
070304806552
093004691400
049804761448
034804633520
021604657074
055204983020
082804632072
021104897438
094004396552
071004720008
053804757200
073604834768
062004754932
085204642744
055504878940
070004758264
033702719788
028004942388
079204960240
069104728936
092004980376
040004170780
062104399884
096002474816
014904998704
094804317672
062504521148
068304791472
009104915006
075504523552
014203923964
042004611320
028304996076
080504298024
013304020668
009604686042
018204623346
060804830152
077904282712
072604683272
056404686644
097204441552
072504750488
088403711872
013104971108
097704965160
076404927152
039104688452
039604677428
068504657576
017402848080
069004758288
063203671700
007504898329
067404934576
039604432476
021604965734
046204728136
047404561148
011704935822
046304200064
092404827704
054204362352
067804901144
071904571160
008304477278
072904293680
045604770580
079504782456
059304604064
052304048464
001504614709
088304334424
059904447300
025403813054
042604840404
048504646004
006204901226
098704683008
027304671084
091104593360
018903654694
090804625280
066404880060
090304794056
048604265772
009704861500
034304933812
005304716586
077404617568
060904028732
020404606234
031004612834
046304538004
070804681488
060904925160
030004979276
023004294600
003304894556
008004416813
082803695920
018903903064
024903662866
016704877534
039604745396
094204744008
039204948056
006904913477
073503813768
070104914096
000004165422
013804424518
011304557726
051804289436
088604252792
001604227004
027203732004
092204978096
064804889760
079004639128
065504513284
084704606224
034703107312
038003432044
000304786328
092704686704
065303891944
095304833552
082104602200
044704631696
012904769656
089004882512
085702936960
041904878836
058304673236
009404414440
031204823028
002404450943
065603905724
052104664184
070704932280
051703458136
012604852868
033404493322
061904709480
026404229350
096904541312
075604224088
099503409848
014504951980
004804061623
013604782062
085504601208
072004779560
038604470148
017404867772
064104442124
037204657284
094704929944
090504584376
019604458644
065804701496
005404936296
038504204524
058204978684
085804736464
028503848812
070004813416
089304294232
054504844128
053704724964
095704907704
085804626192
090004774984
075604662200
099604934096
064604657336
015304878524
047903827564
055404319452
019704616698
095604640328
091404616512
046904992548
017004536008
063803832068
063404543392
037304596676
080704792680
032204868434
094502802880
090404799080
004804740899
021104900456
038404145364
068704429032
050104348652
007404837653
017103684770
075104630440
008804716410
043504677212
087904475408
061104932372
030904733642
034204957032
034204971116
012204870100
033104258368
052804724848
001804746117
057804666300
057504986928
000803396674
021804632972
098004920112
053404619900
014204311106
089904908080
082604766712
069603850824
034604212452
007504979518
088204838784
022104930894
082004970576
019504632204
091704620280
034004123476
090204908920
061704977544
089204607712
041504549416
033803481204
049204769404
061704833544
078304429472
056304575588
067504921264
017104737480
098004751304
031104653798
052304332192
073404740184
030204939230
042704630196
029302425700
045204821420
076004410536
094104359672
011504925662
048404982208
066204904376
055804829932
029504379980
013102386634
040703225188
009904390692
060704742576
016904974420
040003618172
009704816290
053803267448
041804571632
095604221424
065603805724
069204002008
048904669336
035404803036
045404767184
088704937040
087604648088
062104648772
070804701960
094204735944
077004821120
041004643520
031404085290
006904885712
057702444288
067104526584
097304844808
091104774736
054204225124
026003801150
090204344880
073804746104
020004745102
028004907888
064804970988
042403848996
033804913860
094804751776
071604633320
085104816496
051704676640
029104960726
023104721714
019804519790
052604820268
044404972688
064604729220
011104321690
059704997744
044804510092
097304928720
041404625248
087004998928
004104930066
025404626506
060604303488
031704415410
068004850648
063704756196
046504622780
095903935320
095904836224
030404791430
057904282336
039704810192
022304830510
026004753392
014904352660
069004949832
045403962592
039804826892
087504600936
000404726984
012203911746
092604386216
056604825872
034504613348
017704752064
071303888528
061504276552
092504941008
035804448932
050004684756
012004894338
090104810952
078504622376
089704493384
008204740414
032703220656
047504928660
029803326230
054204289596
029504560882
035604919664
025904983852
094604970080
014204827802
028804879910
021603330890
077204655712
071604824352
073704877488
058304668428
092804970088
005704067465
074404907928
005102688102
031804244712
066504665372
025004086104
053904273620
092803905104
087804082504
098804263856
065204570656
073404636304
030004983018
097104579264
014404753822
026704944646
086304777520
009804667418
031304627922
017204924354
001204710821
065304212732
068704678056
090904534112
055804640964
018903836258
090003898048
085104375768
019704480480
013104635982
038504965832
091804202200
007304760405
024504652422
048104851468
015504601928
091404842928
007104679314
049904811840
077204976192
056504913940
006404109633
024404932820
032404894860
069304714184
079304806136
080404655928
074504307568
036104822524
017004880206
059804390704
068904721440
033104492670
023904994094
096203464128
098204735008
034804225160
072304131744
053904685704
059204646392
027604460698
025804275580
034004882264
096204992648
031604880632
021804999736
029804845368
026604700724
080704950008
031004803964
083403908224
013804962598
081204710592
053304625160
057904643976
035104950744
002904589537
008504712486
078804854216
080704428392
042704547820
019304980092
017004223170
042904805980
014804830048
034904725544
029504816632
049104354796
083304930240
095104842088
034103338096
081804883264
046704741460
080004685512
013504477772
025604304082
074204430680
032604997200
016404650954
004804998387
042404868940
019704749432
067304873344
085904662640
029204896052
017504284478
077804803600
084404222176
051104992516
013204658542
045204673580
060104815808
070004721344
044204869632
079004265720
032404724450
082004432872
038904964600
003803457011
086504976224
018104917648
061004097072
041603578172
086103266288
011703456064
038604742316
035104606492
033404946794
029504721900
046904339648
021704871222
061704791520
002904798680
092504205816
063404841336
075004930712
074304993776
069204952656
079004704360
069604671896
059604669952
061104831440
090804683200
045804956084
057804785420
099804733128
097304862560
046004094632
037704313200
072304890248
046304899988
072803687904
037504972080
013004329236
021704686178
034804965444
088604711768
028104657586
056904188512
056104540512
001304499732
061204714800
051204561008
022704159384
097304099328
026104522416
057004997412
068504891856
038804490500
063504904052
052604971344
075403726608
039704658880
091004927856
057104887088
088003473560
059404330128
064304744840
068104945504
034702708476
022704590968
031704562010
046204823872
085604956128
020504671380
030904136056
006802838131
053104370872
024804598326
070004712720
012004067188
022104882340
034604641252
005404879312
036504772464
022004467922
066704615284
053604345140
000203810267
062004959284
081304563688
045304516784
057804710616
062604245580
014704664668
043304438688
015004655722
079504690632
013904992000
050204890896
058104825360
016404840232
035104766132
025304926562
008704312310
011304779624
013703105398
096004429456
041104216564
081004266864
008204949682
056404966268
042002674216
019404390814
092704560120
042404612352
030304059382
083204708504
090204953680
027004609010
066404556532
053104334584
094504757344
087804226072
072604741208
017104085540
081103774448
043004623956
004304819549
062404867576
068004964704
070304545296
063603055700
017904500884
098804897104
036304510632
014904898758
016404269288
020904709106
054004916556
041204128992
025804892764
096304641728
030404975938
034604844856
066704964944
062603863024
042204783768
036804685492
060804494764
044004978624
059504973384
040502525400
084604439952
017504614842
007304872380
051403218560
050004657904
080304746976
055004704716
022504973190
040604727092
053804755164
009304641842
019604730766
010204853358
033103965514
098504930112
016404398042
025204889888
013504503988
010104926902
062504661512
006803674281
026503981532
095304723744
061604688232
024204666226
088804799160
057504474296
049804266204
060504277036
062504884204
092104654112
035904726312
011804820704
069404924312
060403218272
040604527104
050004688976
071004700256
063504912432
024304930962
097104719064
068304371384
084904630640
072603207216
058904368084
041404900916
001404438719
016804915018
000604644583
099804737792
032803872010
025804946660
090904476944
091504604768
080204833672
062104625384
083804901240
093804963928
092003479648
031103669212
070604644696
048604996036
019704825394
013604707150
015204290112
082804257776
098804946144
054304397404
036804304320
090203522760
005204950395
047904853028
086004814336
065004236804
012704671476
010404620436
081304128336
099804988872
046104209260
085004838776
062604378700
027104862904
006804980999
023004913752
037704742000
010604097932
080804769728
064104097140
036504615476
012104749638
057104191216
008104345750
067904975096
002703788848
063304724152
047604922400
046104203252
058604958512
053604271520
021304946164
073404948920
013404850766
032604810870
063404412624
079104621808
000104874809
075304718280
014004730142
097703564480
012404344860
016904227994
003204613441
095204202864
066104935044
004704032651
018204669884
036404809108
079504635232
003804871638
096004754560
044004695696
018404926918
036204511884
075302873592
072604911376
042604721512
073804757656
030104899802
044204903108
050504993692
057704398500
050403717836
071304929128
051804686536
085803531376
007404770054
018904859760
018304005462
047904622492
050104747992
039603831300
036004368060
016904886060
057504874356
012504933468
089104706824
015303783346
032703782316
043004526716
040504908296
048604990600
088004880040
023404865068
089804588952
012104451272
069304401120
087504261648
019402543858
053104616644
065104779576
058504393048
013704520590
075904871832
043604213584
013404537582
077904890200
071704888264
007504961863
082704766024
052404667440
006803990410
042304621520
023904779456
037503780996
027704611338
073604668344
091104804104
092204918288
020304811034
075403940080
064704895124
071504979416
057604914708
074104942880
064904033472
090204901024
027304860464
097403857920
088504985248
063904644304
060504264512
055404669716
037604265760
074404696320
064104448540
062704628064
064403667596
018504908536
023204335458
074304870008
092504934024
064104925784
062504978308
096904394848
050404684020
054103879244
042904486400
026904994104
080104622712
018704188790
020304798634
044903849228
000704457229
039604718008
060004604144
055904620828
093104985920
039103778504
093504738312
032004692894
076704321584
022004840278
071404949168
028304666452
013204776340
060504583632
073704693752
074704325184
003804013356
089204104064
057303922084
035304727508
083704962896
044304768108
043704330784
090304225680
042304706240
002204566234
024304211960
073704725880
007304368994
023804919680
048704737400
080004939248
088104682280
028204583554
001703871891
040204661316
035104892716
043404290648
041604973392
036304525116
074304652536
083003828176
083903801136
031604881234
095204828584
069004826176
021503324752
004104624701
091004847024
024204700934
082904575048
001404877337
054303691336
001004729390
042803348040
043204804064
055804713460
066704769452
050204651252
044204879140
076003460304
001504657547
091404433432
005203860420
055804015380
005602688823
022004676798
081204859552
033104771410
013604419054
014804784664
075904592784
003604967218
032104784702
088804846488
095703675328
057904201584
050404727528
009202456268
047904661556
035804685996
048003805776
012704935594
030504665328
031104902336
028504539366
034204903996
046704267264
054504612356
053604290796
080704923128
098504894632
053204810324
000404644931
010304722012
076004267224
002104632863
032004593436
039704972184
023804306316
045204975080
096204052048
035504624052
019304439126
083204881624
072404258408
098603596728
077804646824
072702384456
077504989368
007704291549
015502242960
076604638536
035904715168
052104771188
008104704295
038104937776
081104090848
031404578960
085204577128
039904756616
083504932656
048704772044
078704828464
054704988644
081304765456
012704828674
095704613736
043304414112
037404564428
046604789688
022604942678
043804364716
007204917837
040304293056
055804614796
016504561718
089704727728
035304968532
030804314446
039304837416
079203874864
065004857068
031504904334
086504786344
039904972908
095004787024
025002356308
015103866248
094504279408
032702524636
018904779936
055704278104
005504650492
067604788120
096204618880
011404697606
054504709056
042504382344
054604664928
045704609556
045702837184
036504868360
092904684496
019204317062
018004794164
020004120014
047704233224
040203451016
015904289436
093804655760
073704928544
062404751500
022304729504
068704906344
080702226192
079804401240
022904800504
041503970072
080004854760
015704852232
053804460092
096604818848
041304657064
007904945669
002803875286
033804662208
018304610534
041504851964
040904934956
062104639684
025703978192
027104826038
085504677960
032504021396
004204709125
066204626076
019704768292
083104236504
019904798104
010304883756
033404772056
061104978392
076204416968
097404125320
039504694072
034904872448
028704529254
067004613944
004804667620
002204758468
050804697252
086703809912
092404299376
099204482112
038604838092
080602484768
085804304680
038003577628
070404813840
052604985220
033603956424
073204464224
032604686698
049904482400
060603670704
033204711672
074104049152
029904826754
036004039544
075704749144
032704930306
014604895854
045404455880
040004763776
013604759526
070404972016
056104669140
078104625232
041604063496
068903529192
000104817069
032904406598
044604749744
007604397249
094403859512
021304950098
058404359716
074604660104
076304273136
094404750288
008204717639
029504921626
002104964734
011902316494
074904663728
044904976600
025204826892
080004518224
023804245202
041304897900
050704830212
053204819224
056404776652
080204005472
032003748196
033304980294
050804604268
083102685568
020303458742
074704670488
036804604628
097604887936
081803890544
086003615608
068604152632
051103446280
002004164121
041204808244
014404739124
066204976288
075604814008
003804736870
039204601932
024104940518
059704807488
054504362388
082503707144
095604940544
087404876104
099602329888
031004325302
056504882524
073104704832
012704631636
085204388800
087203580344
084804882976
000404905484
014104820364
044904650904
003904811728
004204614114
047104647656
067303498080
082904783632
026704840020
064804714572
058104867692
062304854112
022904068996
023504935008
031404614336
026804595744
003003928941
086304407128
062304685732
079704979248
066804984732
032004718352
075304744952
084804681704
099704358448
054404991396
077004239368
012104526756
029204533242
048604672968
066104302952
072404329008
084604886088
060504575576
055404604676
076504631752
062804866144
000104998448
012204927100
052704256072
050204669992
071204814760
098904039720
053903900944
048404682484
045803235256
075504721424
050504637628
091204681872
050004175676
076504344336
008304932360
070704609344
055703880788
006704760329
036804784648
078004814936
009504669764
006704749648
057204613848
090903647064
088804608208
051704863808
086304467768
059304605100
099204099640
030204434164
007304904567
038204726144
089004947216
066104620596
079904378104
097604571888
069904824440
068304901408
039704472280
044103873896
016604447410
011403521532
024704920042
062704988492
019404257960
036204259164
005304510631
068304406528
049303599536
063104501900
097804699112
038904716296
059904631368
040304871948
005104453370
023804950972
098104988880
091902585696
088604917336
036604727300
032004156272
062204705608
070404797840
000304476189
006304851340
052604362296
008304222442
047803990472
034104937724
045804998356
081904836040
052604987420
001804745074
021604671760
094404862928
063804488384
056204417240
090304732888
073904849504
087704386632
094604485344
024104623418
081804768336
043103937800
043504752964
024604642992
029002643436
040604703096
019303820660
084504718872
008404608130
074103847448
020804656178
011704892988
099304602696
064904285496
031804640384
085804800120
082404095192
023104614466
044204656544
063404482100
027004979326
012904996238
023802766022
021004813772
071004419072
033503540326
085104850800
021204561262
073104898464
088104773952
091504824216
068304861384
007604447485
009104701714
074504511144
002104932684
044304934368
029804802548
057904710396
077103077248
078904698248
085804680712
078204600856
088204807016
021404282814
011304631582
070604984872
093604816072
051802732192
062804882932
099404973864
090104837840
059804446656
076204629296
099104199208
055004767956
057804237636
097904580696
039203449896
078904880776
037004930048
002704786225
098204995224
075704461328
019504651248
060703876872
077704758952
094704896352
039104765592
042204679004
081104390792
068204771520
024904620284
013004611044
002004772477
037804710964
080504673640
059104785128
093104678416
016904653666
027604875372
089704795152
059304740948
038204272972
069904436368
034804363204
040504910792
023304857744
044103188364
004002976314
070504976664
083704838632
053204885580
051703157688
076504957488
022204220910
039503804808
039004697764
013103200536
039204760976
040004882212
073004748904
033604945612
051904734952
080004303008
014603800462
030904812226
034503833792
012504165328
045304767424
038204741100
091904725968
071003833600
042004809432
008604804276
046904904064
065704567372
054904206128
056304875944
042904341032
004304682748
001804617256
065904363780
000404423622
092804305192
014204408216
078304862200
013404633964
048504866608
041704928068
001804875484
076904548200
019104905262
066804356508
076004714296
060304386480
091703408104
071804855528
066704753680
030704409242
042004574268
072104632912
045804934196
098204721032
007704680493
054904748740
063504765708
002104782967
026004695962
025004959288
056804378896
085704702480
073104722656
030804735276
076704772120
014104629180
099804625336
098004891816
039504853476
026404795438
050503932972
090403553272
098704104064
077304952272
002703479329
082404632736
024403816548
085204228864
095203973256
010004996152
073704851520
058604596664
017604664254
043104766716
041404620148
070904384496
094604480480
000104718595
052204268172
078104845080
004504306856
040504950708
088402635512
007404805746
096704954680
093304387984
049004218680
045904159328
068702315736
011703890746
046304627476
028904868120
036404154308
070304827864
034604322688
091004871664
052604736348
002704335496
036104952540
042304277408
059904232804
093104763920
072304738392
001304695363
009204541636
040804966136
038804587704
000004851796
002104853605
029704337068
045804721588
089004920144
037404658896
052004968232
066104468392
014704703078
009904500832
057104528464
019203712658
052703999588
034304786648
095604592240
009304666012
092904935048
093104586072
083604801000
071904960856
039204706724
031404542910
025404544282
005004743847
099004892616
061004726864
042302643976
066304375284
043404105140
083704601744
078704958184
014804782160
063503837664
020204288920
086503513856
073404951160
012404988068
045304739184
086904618608
025104604522
090104615616
026104542484
098104966112
028304619334
032204919690
009404790026
013504366744
022904822682
091904863168
071504733752
094604147368
020604812722
092004898872
009804402622
004603730846
014404237222
032804609276
085404978064
015304799290
062103630208
035604985836
056803948860
021604243502
093804631336
053204229004
005303180667
067004118576
021503578210
058204673832
047904830020
016504717788
038303296324
033804474988
083004809096
074304604816
047504760852
038504608524
026504879982
051404849500
093603261568
006904884627
083403654904
046104950704
044104249400
084104852680
069104953808
000003969624
072704961528
061404858428
047504917700
072903833480
018004700048
054704987780
057304758492
024804879646
055704557068
046504666088
026104764448
011204660940
067304756296
022104324202
002604870974
035304511408
033004990376
006504915050
008004760527
046204970304
006304199745
017204629264
009004302192
012404760524
048004959732
053204150708
022603708728
003804937907
005604778559
049904971648
048904257808
062604813476
082304894064
026702758224
002104390244
082004258560
067204574320
099004743712
049404696680
072004794416
083804891240
094304956960
010304757446
075904548912
000304872320
093804692320
033204612364
097804726248
035504298700
078804800592
057304869500
004604944007
043604084924
061604664964
059304244608
087104850856
049303797064
011404783318
082704701048
048904772292
018804865132
002704089432
018504999146
026904733228
051604423516
071004316952
047504568764
020704822288
045904589812
061704993620
093804206176
034404622016
000904653895
096003929040
078804737488
008304226584
009004959418
055403761104
072604764256
086004587376
039104813872
082704301400
073504622440
007204816031
085104765808
004304847253
022503600658
067704838040
031104892518
034004948164
054604520212
000304821591
069704769032
088504849736
012304767422
056104126308
079104385984
040704780388
051104812736
064804754692
069804787288
051004561104
055404312324
085004335664
078703227560
094804050000
031104482658
035804180448
025003296178
071604440472
094804986872
006204792027
028604396048
024804773150
031704361212
048104195480
018404415832
094704890872
059804756100
060704533436
007103892791
071404338304
099504759424
034304883296
092304838008
027304865274
020004622500
094904597472
079104602064
047304789656
027304914364
070404726048
056104236940
087804602040
006103913333
063904490420
098004336608
014004336638
025804779806
066104789688
089003999040
026503495586
027503103246
008903975334
015704892854
022304241710
039904665008
000404530977
027704317352
005302753612
064904614964
003604668881
019204920310
020704750630
005004986905
002004360342
073404677336
092404869128
035204686172
058904963240
087404428408
010104782966
040204873100
057404931044
002804864784
001404760803
001904934344
039504664276
062404849312
054704915836
034804513584
021103302322
004104754873
031304813736
056104867264
029904745170
076704790016
006604954060
069304617304
098804520104
080503690280
067504984144
050604679712
066204449700
079504861992
034604690084
052604986612
068304811352
050304439120
034202335628
078804504352
077104767376
048704235736
063104764552
073403743912
061904331460
019104930426
053004930240
090604248176
046104472016
038203913808
078404627944
052504829292
093504996368
058704957632
006204800159
004704951235
083103735120
049503981088
066404979344
006404694570
077904936440
