15957708041
15728002385
13588902122
17681677761
13868569868
13868579490
15868039122
13868330729
13507938577
13676827786
15825668335
15257775088
13777758200
13868576800
13469470859
15869623212
15888784852
13600682552
13588908084
15888239676
13634249190
13868516185
15869426711
15858803663
15168724313
15858781071
13506676102
15057521597
13106163806
13646580031
13025050610
13958947020
13868597281
17130967545
17195925985
15669807925
17187272695
17185299019
17087724601
17085468876
17081262452
17071272448
17041599826
17041598561
15606665956
15943509440
17123853547
13460897536
17163351240
18227193401
17130312384
18404355754
17171578616
13868392201
13868859789
18867767672
17056758522
15221962995
17123622443
17083636621
17019255343
17072671256
13075707080
18123200296
13757882375
18350781937
18077482263
15294164767
18458420564
18458200385
18745960745
18743554853
18443581148
18304354719
15943504309
15834564763
15144584773
15044586431
15044508346
18737270425
13949543896
18843583141
18843581347
18744528443
18743558947
18443583149
15844559643
15844558746
15095308653
15601200530
15754406152
15294111794
18443574405
18404356047
13943573437
18419700244
18843584862
18304354784
15726198764
18743552043
18443584548
15144554340
15043500643
13944586242
13944540541
13943403743
17167090902
13894586841
13704354945
13001745201
18867721483
13858776268
18577072777
15095347259
13904459147
17010233902
13758861227
15558925569
18443556854
17182054349
17193055180
15143594801
13500954765
17065714737
15325034388
18079075781
18958912121
15858808115
15727861720
17011636102
13674355146
17051088686
13606777816
15088999688
15280237209
13353341388
13706621813
13057773285
18367834115
15134358009
13758877281
15888790933
13738138079
18857838693
18206429360
15888478852
13505893229
13185880181
13736988651
18967760286
13868521112
18334430416
13806628638
15257747387
18687920888
18815151753
13587845908
13486722062
15158303660
13173573801
15858037303
13736986565
13958912767
17189494718
17189494616
17189494525
17189494220
17189494180
17189494076
17189493885
17189493722
17189493486
17189493478
17189493401
17189493353
17189493122
17195899172
17189803504
17189770874
17098624981
17098451824
17097797472
17094848431
17079613483
17154124171
18458193246
18458168190
17094859816
17094858267
17130027398
13336153125
17130026911
17130025969
17130024094
17130023098
17130022717
17059416298
17059410774
17059359879
17059168114
17059164725
17059357661
17059167972
17189499484
17189499048
17189498979
17084640694
17189498909
17189498429
15294139868
17189498124
17189497473
17189497406
17189496034
17189495343
17189494852
17189494665
17189494196
17189493454
17189492478
13858727856
19809422770
18368080667
13616617936
18793678163
17041592755
13649364303
17056931225
15804355743
18443584905
18443584169
13256103035
19809464781
18394653844
13588905401
17196213774
17084401689
17192342598
17124544072
17026210240
18443574683
15058947871
13676563234
15043504693
13814937224
17188160393
18385430612
17197802844
17130974458
15600650936
15888211118
13269085644
18100150115
17156590402
17166098418
17130988504
17069457501
15868508132
17065618801
17065568638
17065131201
13506529132
13868501455
15888235920
15668425761
17048824523
17198946581
18794810804
18394597027
13567718057
17048437358
15117284086
17048431562
13587980781
17172360185
17023532774
17161899141
18444017098
17096811372
17030466998
18744557914
17182073275
17196398641
17151790164
18843588140
18744529141
15869441616
18757064239
13904459948
15117170696
13894599940
15117121292
17093523436
13704358246
17054717537
17054716364
17124543024
17130310504
13736987374
17163106480
17081648898
17084989257
17084988981
18394582974
17084981828
18293631374
17024355116
15834568894
15114397448
15104357143
17093393969
17053565277
17182249547
17153438804
17178054019
17137274542
17156325275
17179510655
18257718066
18339655440
17034311471
17196199984
13868571645
13885403662
17192060490
17190575863
17182075638
15719318717
17163106694
18227143964
17099584971
17044769647
17152131530
17073444805
17068711289
18843586743
18443574308
17011264811
13943402634
17070318070
15044584238
17130311384
13943405394
17038152914
17162754586
17156325235
17069466563
17069457271
17197803274
13261825947
17198946236
17190577985
17014320913
17167341017
17073445410
17053562409
17053564502
17053561167
15701753332
17053560684
17156325673
17157080832
15716375111
17058533889
17135353652
17058527633
17053569063
17053563612
17135353583
17069466502
17069465835
17069466150
17069444990
17065613167
17064396375
17065129684
15117254187
15095320214
17192121861
17192123724
17156320475
17199905498
17194401460
17194396469
17184337419
13606772821
17183745491
17180051484
18324211126
17091465604
17165343904
17198946329
13929487061
18357793195
17081748824
15058938233
18357728773
15867732588
17182250038
17182076342
17172284828
18298379065
15257750820
18367738550
13868580123
18167131622
17138094498
17093394044
17125704904
15058961789
13388572516
15088562637
18858846720
15143595241
13944591441
16607332568
15639171380
17038153564
17038153403
17084988119
17162754960
17187467149
17058502492
17053567175
17174472471
13676781009
17130988947
13666725486
17135353519
13958902588
18767786652
13868866367
13567710510
13157798045
13695736217
15867739234
13547073894
17023539097
17053556305
18744520146
13704359440
13868545708
17047958519
17198946320
17194834978
17191692074
17151895910
17048672462
13460830081
17195616932
13958949075
17122970420
17088832854
17072073674
17024354332
15719327616
17187467434
17187466813
17193002683
17183296522
17053565873
17084938724
17075053899
13668380858
17065568975
17161556324
17161555634
17023538936
13261365548
17137560102
17192121921
17099967614
17182251862
17182072163
17189498403
13567719565
17081858470
17190573076
13868574340
18345570545
17093394080
15843514740
15804359241
17188965980
17130295073
17090199495
13958973256
15857737460
17086853984
17086854283
17167093325
17065666361
17179126465
17153658404
17058538638
17058538247
17058531485
17053566383
13706631492
17053563853
17134966074
17023534616
15821338507
18815087547
15267737509
18843504637
15943584758
15844557476
15143592824
15044582240
15044501349
13944587046
17084931190
13483696760
17020646903
18744525745
17075884945
17189705114
18443558647
13868452199
15289308962
13566268150
13336900172
19857054840
18806776949
17596533994
15505685628
13868538617
15706780414
17774122102
18667885998
13868506975
18367771648
15888776075
18998037710
13566200716
17682303346
13738702121
15727265656
15167433657
13106163686
13758839666
15158526685
18358784522
15058931825
13960845311
13857793523
13587812522
18259627026
13868568069
15988715338
15706791985
13906669751
15958789895
13567743665
13662223237
13328276628
13646580738
15068483103
15168722209
18257393568
15868008366
15258074779
18367899523
13616659082
18443588240
15143550264
15943585254
15868007225
15224182807
17138748217
13868520050
17192121948
18875838627
18367739139
15684633040
13989713293
15356517523
17023533471
17015561316
17015560856
17064534480
17847553840
17064530386
17064394272
15355919003
13738326386
17034312756
17034309237
17031846443
13868853397
13587545771
17053504738
18367733125
15224157237
13868452834
15168585063
17053502001
17053501081
17053500184
15798021081
13751751788
13587547796
17058539645
17058538771
17058536517
17058533504
18329042673
13606775451
17058528651
17058528329
17053569828
13587542212
17053566907
18668795967
17053564998
13403823453
13282759131
13757882334
13806828436
15067882362
13868532757
13926586212
13216077365
18770099706
13738702365
15157747200
13868575207
13587982547
13362708757
18757796784
17684055960
13506633520
15111486410
15337375011
18867727645
13958915278
18958855896
15325078290
13616615006
13738320863
13516932884
13958977389
15325000385
15706782696
18368799678
15058941930
15869613830
18823669498
13958731673
15058301711
13868583628
17357781126
18757743215
15078522089
15158522000
13868568254
15905874343
15382543900
13806811313
13173580518
17310501240
13606770517
18858826025
18768570680
13758857928
15727802203
15325500781
13868865218
17816335428
15888476291
13868523722
13606779290
18358783131
13738790815
15395777368
17348868553
15372855372
13654499693
17154045465
17044460309
18474763517
15874637414
13647468340
17139046383
17083571832
17083570337
17075492070
17073274042
17091816734
18419441755
18394134671
18298483835
15193121470
15193119354
15117183658
15117104883
17193574185
17192084337
17187757301
17187757278
17187754334
17187750769
17080676362
17198829524
17089704184
17162662415
17131758235
17025657303
15948738446
15948381440
15948371550
15948370285
15948334980
15948324262
15948319869
15948312831
15948306184
17023539003
17192121206
17011636526
17044522796
17044597454
18394644738
18394642024
15948780440
15948775150
15948768986
15948762937
15948345073
15948343900
15948081608
17053503077
17008312194
18404321896
17088783145
17088782846
17088611473
17087087424
17085567745
17057977842
17192349247
17152218341
17044700494
15948314598
15948303006
17080676453
17070720466
15948739733
15948738238
15948384728
15948375275
15948374309
15948364971
15948360762
15948358715
15948321547
15948316372
17800136629
15948305217
15948304964
15948096170
15948091248
17192135097
17191472582
17191472352
17188962868
17139085413
17091986174
17029979554
17169028584
17135653146
17122708240
17151936410
17134181767
13220573826
17369799706
18079214577
17083085408
17053504096
17031859394
17031854104
17198942250
17130294196
18338940470
17167090286
18444036946
17094297540
17088923268
15857700288
17072314393
17681756358
17069467683
17065661206
17125704477
17053569301
17053567162
17053567093
17053563367
17138706492
17139049629
17044700248
17040434875
13261837348
17089601308
17099765238
13738385563
13738386367
13506633202
18867729443
13626597786
18968715001
15727801086
17326794292
13518225931
18106737322
18770066989
13173538418
18858821143
18868278288
18358725126
15058948682
15014073698
13868593240
18639419608
13606779890
15858534898
17058531453
17058528969
17053565063
17053562441
17053561705
17064538110
17192064807
17131756392
17191472281
17178057876
15224156590
15158422922
18587551781
18875837847
13868328306
13108343546
18254060197
13456005290
15558850388
15522089482
13868864275
15825421852
13758809615
13738793055
13858782771
15869118990
18867730904
17074222415
17074221297
15857735946
17078900630
13738389296
18360431131
13695757344
13165875805
17706776085
15869125195
17858061780
18815084720
15888786761
13357101616
18206835571
15040064877
13588270048
13506525599
13506646766
13676533846
15905877180
15669851216
17008483320
17008483316
17008483306
17008483298
17008483296
17059497698
17059496445
17059496410
17059493412
17053671414
17059498501
17059495546
17059493474
17059493471
17059491825
17059491369
17059490960
17059490951
17059490154
17059411208
17059410229
17059410184
17059410145
17059407945
17059402315
17059374844
17059168487
17053674520
17053672909
17053672896
15187601310
17053672773
17053672771
17074228369
17074228245
17196614623
17130026578
17130026072
17130023679
17130023132
17130023039
17130023024
17130022681
17131756348
17131758509
17131758159
17131757550
17131757501
17131757363
17096674905
17079724198
17131445244
17131445141
17133377654
17059494310
17059490958
17059410242
17053674861
17196614621
17131755701
17521133342
17130021075
17130021030
17130020737
17131757716
17131757625
17131757616
17131755952
17131755950
17131755806
17131755797
17131755771
17131755748
17131755732
17131758691
17131758551
17131758433
17131758373
17131758352
17131758183
17131758127
17131757499
17131757428
17131757411
17131757329
17131757326
17131757317
17131757292
17131449445
17079760481
17079702843
13806838056
17131445364
17131444953
17131443342
17131443340
17059494323
17059497690
17059492215
17059490964
17059490959
17059411160
17059374908
17053672912
17131757707
17131755787
17130026243
17131758682
17131758569
17131758520
17131758411
17131758396
17131758382
17131758165
17131757586
17131757335
17132738441
18757065486
13868569971
17625205237
15658280362
13958897392
13656508581
18968811616
13906668732
13868496282
15967762373
13270887799
18325759456
17857232197
13335779797
15057963786
13958970072
13017880429
13819790203
13858778921
15258992285
13732018532
13255878620
18058399060
15258798051
18968746112
15382575649
15158423509
15623500536
13285771856
15988796455
13656537794
13587955695
15058936827
13695887165
18758160407
13736985719
13758856040
18350057477
15948037218
15948035470
15948028501
15948023533
15948015690
15704312290
18858846689
15704311508
13587562309
15144145703
15104467828
15044129352
17176958521
17176956589
17121764432
17187751524
17192134312
17188964084
18555183983
17046304330
15057785652
13587998207
17059167672
17053678383
17132731977
13738796615
15888866933
18968779910
17090593614
15058940296
13703923488
15867700824
18968738591
13906678860
13588907356
18058713928
15988785705
18815038557
18367859989
18815087339
13989805704
13780173730
13523518888
18858849229
15888475659
13777880141
13676510565
15608654606
13868511530
18257518278
13566196222
15028185011
17074222932
13868515617
13666641052
18875818256
13732012538
18966266280
15857787333
18867728025
15858881784
17130020605
17132736496
17129581134
17163961385
15524009740
17087708492
17061411649
17053964157
17121763120
17187754812
17512037531
15067867880
18702893753
13040224267
15706793519
18241448560
17192074609
13757880172
17090464227
18781976383
17156294855
17012131888
17173503401
17095129541
13458563053
17150079487
18782055792
15906486351
13456020055
13758811128
18767753566
13906669223
15208988575
18057779333
15058935319
13567713164
13906679281
13532623893
13867737703
13868458451
15990776230
18066478111
18810102021
15167734013
15157740158
18815086619
13506520762
15727861841
17034090055
17154401054
13335578399
17134714365
17093232508
17091962586
17162664885
15757779165
15095303790
17136874387
15505012966
17136873812
17136870776
17187304831
17135632019
18812408563
17188169470
17188167814
17084662731
13868488220
17137278934
17038346458
13868558090
15058190644
13706639554
15888283954
15057520964
13868547815
17059164402
17059164183
17059164150
17059161536
17059160488
17059160176
17199027417
17079760791
17154126801
17154124044
17154123910
17154123462
17099368994
17099361428
17131176142
17131442483
18814862453
18458427739
18458427120
18458425473
18458415707
18458345543
18458241270
18458206680
18314893720
18248469961
18248452053
15988473854
15988455864
15988437845
13486396453
13486395264
13486101169
13454477786
17131749459
17131748616
17131746860
17131746834
17131756861
17131755895
17131755831
17131755829
17131754738
17131754338
17131754066
17098177498
17079119582
17079122348
17096648179
17189410470
18458420937
17131740690
17131755929
17131754198
17305872589
18857429719
18066337961
15068249897
15868726861
13750880329
13567745219
15868006091
13776226878
18207240518
18066317818
17131755853
15323523507
13884420495
15157716419
18358720165
18268902771
13772134508
13868865113
13506775725
15658561197
13566216686
15382583507
13587808056
17185714776
13867739919
15905874030
17183297920
17048025835
13567707840
17093235440
17091962965
17001593435
17041554808
17151372034
17127619727
17049060191
17161758512
18443274996
15886249674
17162622415
17188125068
17188125022
17122924737
17042915074
17042914522
17162664413
17187304336
17188169504
17188169458
13506772696
15867706018
13958926198
15228158783
13656875190
13806542676
13586104588
17162664646
17137272764
18334470353
13844261794
17087191874
17041592350
17166229649
17166229442
15258688003
15948373603
17188374052
17161898131
17194615332
17181232460
17181215026
17032471220
17162627024
17124054989
17040437845
17185915352
17185812197
17187748429
17023914990
18444000448
17176866554
17162661984
17162660949
17083654270
15058938223
18367739575
13858753155
13221156601
18857712978
18968713723
18815049571
17186215162
18343228460
13894214559
15948388262
18592014505
15948383685
15948373818
15948370782
15948359627
15948333476
17084656135
17040436634
17195367808
18930100903
17084531774
17183580446
17163524998
17023539592
17065108849
15694544254
17097143548
13109368852
13958946590
18767780155
13567718337
18358720776
13695865148
17088782174
17088781645
17194258518
17193275475
13506635018
17191350122
17076296371
13205324841
13070802625
13894208582
17137271694
13620720343
14705092235
15645449154
15645435492
15636496404
15636495438
15636474140
15636442147
18867724298
15604542504
13045431634
15858035626
13919733647
13894299304
18867728291
17156298592
17156297327
17156297189
13456812647
13868596760
17193279096
17193276957
17193169938
13396988315
17193169340
17193165568
17193165407
17185569565
17083298409
18066333702
18857795518
17071488921
13566208671
17137693041
17065710907
17034315493
17162664026
17122920974
17162663453
15663052164
17174257204
17174236941
13630601273
13656701028
17122828468
17132977494
15948387104
15948325142
15948324774
17011631955
18768267119
17167090772
17196608197
17152232634
18482340032
17182524648
18780088340
13408048918
17085468972
17032491529
13408615351
18482321831
17132980584
15844211273
13106187613
17162755549
17014433678
17085468970
17095123614
17034316418
17162663134
17162662674
18782088294
13045420042
13029972184
18959233083
18482355352
15067880753
17095129984
17097144041
17192145219
17192145127
18780036924
17161241660
17161241568
18345548230
17173718654
19809443214
18293626374
17132986405
13408012046
13282722073
17062506162
17087705974
15096693105
17169024274
17154400135
18781904025
15183671349
17182592842
13904626936
15181090214
17182521818
17134714827
17085465636
17134714896
17074613822
17059416215
17059416069
17185350348
17065710913
17059400412
17059398347
18483638769
17059392538
17059390795
13668316941
17065666086
17059162040
17053678631
15883843141
17150072624
18708109425
17196607419
17196605163
17196604706
17196600374
15282898443
17130028070
17131654012
18814861822
13486100626
17195899113
17195899018
17195898986
15183837854
17195898017
18482156092
13408015345
13993639547
17173133741
17096757457
17096755824
17082971395
17191103894
15206045884
17082853375
18482374250
15947909504
15886258694
17087494575
15886257084
15843294073
17828493442
13894210317
13438852633
17137274556
18482035436
13419292057
15684631448
18728403243
18658729801
13700732247
17187298468
18458156920
18334305761
13408533209
13486159842
17179124850
17014433787
17014433603
17123856540
13438490321
17123854930
17192599101
13408656926
18782085042
17077289843
17065613341
17166228543
13057883658
18482024382
17129380341
18728454231
17054716641
15084278328
13408518862
17163164286
17163163642
13458663853
13944690474
18482035624
15095324860
17177370742
17008412949
13596236219
17192099114
13456707863
15948334531
17131756805
17074385298
17131756797
17131756771
17030346830
17131756612
17161293489
17131756607
17131756561
17131756535
17131756521
17131753316
17131753237
17131751654
15883695248
18482343559
13438867381
13438494549
18702839174
13408085221
18482353864
18708118820
13408546197
13438476213
17154405897
18167106060
17173715494
17156917578
17062506458
17131061484
17131753353
17150070406
17061694979
17059493118
17059493114
17059492729
17173502834
17059490349
17059416289
17059415323
15663034159
17173715410
17059413830
17059397419
17198822451
17059395047
17161899470
17059390978
17059390792
17190604785
17612321433
17097148605
17059168901
17059165578
18006882626
18708134650
17062505915
17059165548
17059163649
17059163602
18561460464
17130029746
18482316176
17190608419
17130029072
17173130094
17130028044
17130027858
17130027561
17154405170
17130025584
17166175354
17130023767
17130023728
17014433176
17130022316
17131756815
17196116984
17131756803
17152004386
17131756772
18814861550
17166227840
18780014312
17030658909
13668317624
17071358214
18545092074
15282883463
18545035448
17043192847
17176824347
15694542454
17169022439
15663052004
15663045449
15663044023
15883695024
17156185364
15663036249
18895408002
17071408476
15663035145
17152004322
17082970664
15183858464
17154404059
13419880724
15884294920
15663029694
17095847604
17179124901
15663018746
17188005749
15663015641
13438159581
17014433102
15645498243
18227192704
18705775328
17197579618
15087171249
13458599845
18283808046
13656874878
17195525948
13458555875
15645480349
15708477934
17194625084
15645466480
13408532834
15645464617
17194614826
15645464525
17186215617
15645431934
18483631180
17166229491
13458519943
17166228249
15645408014
17174080465
13868547022
15645405714
17166227214
17166226340
15636485624
18702846822
17134714613
17129583384
15636471594
15025179176
15636467845
15636443741
17163164090
15636440843
17164344680
15545709247
13566245899
15545704394
18482341005
15545700415
17190608242
13029973042
18241454184
17150072340
18204592024
18428374774
15846944272
15044234212
17326074846
18562614647
18483636547
13408517902
17023534011
18066361086
13438171753
15588977008
13408650408
15947973635
13115860777
13040204192
13567717922
15947909074
17095496418
15948382106
18780075045
17191665308
15948315521
15948093226
15948091317
17173133840
17173133748
18794920374
17192361624
17156181413
15103922717
13919754814
17191166346
17133577856
13408145321
17162750412
17131753229
17194618508
17191351335
17180144700
17070914172
17074677004
17071480096
17166226480
15843242206
17129582489
17129583064
17179044831
18781961627
17056554348
17056553934
17095846554
18782096067
15008393470
17169022746
17082851660
15551973105
18857787576
15948361632
17095497402
17071304617
18782041869
15948360436
15867739772
15948313217
17087707064
17069241746
17062506260
13868861586
13958935574
17062506225
18782005695
17156181249
18788401179
17161759269
17194832034
18545414590
15167429459
17379825416
15884284943
17857224135
15884261004
17043192334
13362707066
13550664343
15883803774
17176802584
13757933625
17073323034
17082852553
18368798108
15947905634
15096654753
15886246084
13894257714
17087705748
18561900484
17165367934
17150072604
17071480773
13668308748
17082850891
17071742946
15505208888
13587868880
18257994300
15868048225
15068460219
13868967472
13867752857
17858069416
13868595195
15948301579
17122824616
17011327424
17049174821
13865575277
17127289054
18546429442
18545417304
18545416246
15645466421
15868729100
17161898902
13550621641
17173714048
17173677754
17123855844
17131179136
13689360074
17095129294
17095123024
17164454185
17127616872
16638477313
17127616113
17164450743
17194834939
18458343696
17134713774
15282883425
18314857874
15988440764
15883807414
17154405581
17152003417
18844285904
18443220575
18482106496
15886249924
17173715347
15844259284
17082850922
15843284383
15883846241
15243286143
18428003115
13867766494
17858375520
13606772943
15868774248
17127209059
17040431439
13587859820
17191475107
17173711034
13732011330
17076700415
17074866234
17074864923
17074861427
17074861243
17161751586
17157258421
17130022810
17173714208
17173714139
17163766846
17154676648
17173133964
17070345906
17179124107
17122708465
13060274639
17173503224
13288493882
17173505443
18248637500
13458509075
13438154087
15883820974
13868505510
15096691805
17123626694
17123626004
17190139405
17131172948
18358766311
13804746878
17190604536
13458521239
18660687885
17123854946
18780020846
15087056573
17857690564
17173950534
18782017830
17173952481
17071405421
15095330940
15144352634
17133578796
17152684137
17099587441
17191663433
17858479531
17175914873
17040430774
17040430084
15868006480
17185918608
15183853194
17198938264
17081744731
17130026308
17173503407
17173714785
17173134380
17173132540
18482302808
15058941309
15087059618
17040029293
13596234210
15087023251
17154406041
18227193904
17134714034
15924288924
17190607734
17164349342
18728467511
18408235840
17173715940
17194832474
18482399076
18787011042
17190604458
13458571371
17190604790
13958953523
15868036866
15825416883
15306590826
17150075418
18805872350
15967762421
16605875332
18368788083
17078834227
13587828758
18167295988
15397084025
17156184070
13758818216
15355906501
15306587275
13868516081
13868520798
18706889361
13868512816
18066375006
15957197375
13616825295
13894700669
18458158591
17173574597
17179044572
13677295448
13819798232
17077681848
17175913054
17175910064
17182243206
17137272249
17198044298
17013272418
17131757861
17131757263
13588905338
15258073712
13483124162
18443244983
17837316469
15124458994
15618712178
17133578615
17129387486
13030511167
13868332533
17182378313
13567717395
17137921475
17005298415
13185820626
13276812336
15124379943
13404685054
17137564032
19809467408
13868515990
19809404549
17074867044
13567712931
13175631666
18603572533
17198822048
17013271848
13958937885
13336908933
17130342584
15355972883
18006689803
17013271480
15513028876
13958731762
13780188115
15658782872
13958907909
13868556486
13566135677
13758838220
15808560478
13868549020
13587806770
13587951040
18815087826
15058934848
13216035617
15878615888
13868575547
13566208355
15267739403
13868552240
17681987227
15158500296
18757907615
18969797661
15057369377
13656516636
15168762805
13958744738
18815016573
17190647150
15706790201
17189224554
15886255924
15843258160
13402493859
18482322395
17154404610
17077523425
17082850628
13458515449
17828497447
13438264279
13614242145
17064113775
18793659334
13440142557
18757068557
17074864780
17074864228
17190649103
18443282854
18875823633
13402492017
17166225495
15058795556
15868565510
15988795791
18875822367
15967463958
13868536585
18516209047
13958941155
15866612679
13623171315
15058941815
15706794291
13947209023
13713151008
13587980865
18702815969
17095129427
17095494623
13438922515
17056553181
17015568731
17161630415
17135457864
15068489388
17133685346
17190605470
17086854356
13958911162
17130915640
17198044314
17198040289
18743266746
13868502939
15872500300
13003982128
13958744828
15106207327
17095840042
17187663034
15558778772
18106729009
18958789163
13732018036
15111478970
13551194825
13958937840
15057791197
13806839065
15988790872
15947906824
13858721516
17130915964
17086852219
17188732973
17198040751
17189501495
17183569519
13291700377
18599074487
13868518083
13566110165
15258799819
17182376722
17176987546
13868555266
13958929967
13123978735
15058361471
13567762686
13626500116
15888780072
17802525022
13506522811
13567715213
17137923449
17171874347
15990728027
17196094451
17086850178
15858524383
17077392412
18482305195
13151511571
13151105683
18782062497
18482399337
13458659479
17189220740
18482306129
18781957697
15025145935
18368495437
13736987310
18557703103
18720678059
18069788235
15706792835
13823377380
15980297938
18694959465
18386749453
15144140977
17129384942
17041677409
17151369584
18443221509
15243284754
17049064618
17044704071
17011631060
18404325910
17171874820
17130321548
17192136083
17042762445
17029962485
17045044873
17135628119
17175919404
17044461501
18757739281
18017666398
13655779324
15068419201
13336958281
18527302163
13758816575
18106722637
13958901964
13587544926
13958792261
13958947618
18858823787
13858739165
18329032083
15067883060
13506521881
15868034087
15157746111
13958725166
13695869751
13676539768
13355878303
18205775554
13205876467
13958761166
15858850640
15658507286
13567715588
13616629389
15122653509
15057520582
13735574789
15888735752
15888475358
18868270400
18968927529
18067769773
15558968599
13094827069
15948070268
15948066542
15948062609
13867711692
15948060930
15948058262
15948031053
15704316820
15704309943
15704309713
15704309437
15144145104
13045823787
15144141424
15104482248
15104452854
13587950114
15044117897
15044116816
17151599134
17045044711
17187660834
17124054173
18257570756
17138019428
17130324571
15158487673
17706673316
15057942716
13587849565
18329042831
18621670153
13305878581
15601647718
15858881618
13958952286
13515301534
13676712028
15158500046
15858599096
13868501119
13868527877
17816337860
17673207705
13736988466
13929762111
13958913143
15558785206
15967407778
13906668040
15157784338
13758293392
15258713586
13958919046
15967460756
15888788160
18858751358
13587533313
15000842006
13325877728
18066320866
13587850855
13859156033
18867827626
18858741445
13857244046
13566128005
18815091222
13858867763
15669828273
18072171799
13306170350
18367836475
17305778575
17173710564
17187306531
17138780498
17138754301
17089774513
17150808854
17172633496
13458681399
15706796569
17138016334
17134244495
18357728117
17159542745
13075708983
13362765889
17530306553
17739750129
18793197624
17767111254
17076426288
13127915096
13127821785
13127818795
17134085824
17011324911
17011322634
17075304413
13758826424
17085405254
13867760651
15944509643
18740484656
17173082243
17015368713
13944695454
18794919147
17189377996
17180508897
13373865557
18437387896
18437356708
15981289564
13596378463
17127209571
17124257843
18757799967
17130328463
13566118955
17139435014
15843254236
17078694820
17046044480
17046043514
17605879695
17046041421
15558739361
18367844879
15958798733
13989788811
17816837317
13088673490
13506639861
18793119668
15981603946
13867765210
15214088219
15044583049
17074387671
17130974663
17130974226
15168731501
18067769793
19809443554
15009365174
18793113850
18444038457
18444036479
18444015135
18293618977
17858096151
15293094752
15103931344
13993696757
13993626147
13830622847
13458698835
18781904356
18793113220
18482322905
18482033995
13408082676
18482340530
15708466057
15708483668
13458585087
18719828642
18781913921
13567715669
15025125583
15087029663
18781952705
15095377690
13288469707
18482015873
13066370035
13844212673
15626194507
15658715175
13458540725
18482309571
18482367392
17044766884
17168085386
17139087906
17134034691
17198214045
17194390647
17162981449
17124054570
18258297562
13127919383
17044460379
13127915059
15287104302
13185885059
18482375490
18782092250
18853488436
18219861947
13408509976
15096642241
15165949243
15193418470
15103933704
17041181402
15103932347
15103919674
13993644147
18343551945
13122561142
17165864476
18482020067
17816312520
15095641077
17072773874
13656500553
17199291448
17074825934
17138769844
17129515564
15068486561
17131063564
15104496902
17029463640
15104498397
15044148536
15104457181
15104450810
15044118314
15044116313
17157904464
13402860537
18482134364
15168014303
18444078540
13486150025
17014322272
13486149853
13288455857
17154674603
17131657240
13486149652
17131657041
17131655224
17131036084
17131036054
17073327547
13486149542
17131035994
17131019472
17131019470
17157257497
13438132232
17131019447
17131014069
17073324379
13486146760
18894066347
17131013340
17131012864
18782069249
13486146150
18219862977
17131011146
17130018454
18482069717
17124054835
17130018324
13486138183
13919733274
17130017304
17130017194
15058947868
17130016941
17130015874
13486118520
18708156553
18788467502
17130012974
17074228694
13486113659
17131747330
17131749461
17131748320
17044764296
17131748150
17131748083
18482034559
17131748082
17131747502
13486103966
17131746839
17131746463
17131746350
17131745951
17131744212
15214091325
17131743802
17131743785
17131743735
17185740190
17184132133
15088978275
17079799300
13486101843
15168729649
17079798537
13606777156
17079791225
13486101182
13868335660
13484035510
13484024409
17041235285
13456835856
17079702109
17078828804
13456828794
17078814370
13456802533
13186718340
17199056324
13454165648
17099364818
17099362647
13486107151
15825548349
15825530146
15825525483
15825519242
13456041234
17131748208
15824469974
17131743538
17186651348
17186651268
15224061359
17130974178
17005768308
17005768307
17196604008
17131743768
15024433695
17199185451
17199185440
13486398527
17199157424
17199089884
17199088047
17199069046
17199065748
13486396166
17199063406
13486395073
13486392270
13486160769
15325082506
18298054305
13486151322
13486146675
13486141761
13486135221
13486127220
13486107381
13486104155
13486102021
13486100307
13484035739
13484021369
13484012547
18776515998
18057711135
13484011014
13484006290
13456823426
13071381176
18368793135
17194834827
13128140732
13456812336
18482023832
17176804401
13456811750
18781996309
18482023794
13456734370
13456710382
17078816549
15186582056
13068880233
18482394379
15887018450
17194834231
18482320094
18482037949
15287133493
13438281274
15267036405
13477393857
18368791456
15099106572
15190630787
13515867665
18621645519
13750652955
13868553180
15658602937
15068711452
15967410203
13819791090
13706625836
18267899005
17313826163
18367737150
13567712045
13408668100
18428305457
18728485835
15677562501
13402881008
17194747546
15708499682
15883421640
18428067789
15558709226
13162887429
17079540074
18781942924
18782061085
18708112397
13408487563
18702824456
15562893591
13122564082
13458566728
17090462843
18757798221
15988766042
13646534942
17124174040
17124173419
17124170314
17044463009
17044462917
18794898364
18794752360
18343550343
18367855121
17127208584
18744241294
18443278060
18343556040
13438839787
18428087870
17152893974
18428331426
13458535741
17166194593
13438179239
18482369529
13025511167
13408655587
13438877644
18482385561
17190500848
18482364470
15096627552
18482128943
13858798770
13506536766
13438042572
18241444027
18408254825
15087131481
17079542412
18520128603
17176804434
17077366754
15258666126
18482353012
15287102326
18702815256
18483645715
18428065079
18875819871
13488982976
18241435143
18482319760
18241441974
18408277803
18787105163
18483634248
13408095090
17077520884
18482019939
18482020633
18782004404
18408203218
13408037829
18482033928
18787070587
13408512185
17043190749
18298455157
15158449830
15095374394
13758806774
15988864749
15025130305
15287169242
15158652136
18443201712
13868524954
13408509886
18482305224
15558868062
17173716405
18482367337
18482159524
18428370813
18482013513
13288682799
13438076735
15287170469
18039538216
15708483820
15025127475
13867733760
17005768086
17005767953
17005767947
17005767796
17005767720
18857788210
17005767707
18334384937
17131746393
15224095523
17194130870
13456816339
17196614943
17196614918
17196613417
17130027467
17130027282
17130022015
17130021834
17130021294
17196614083
13402805302
17196613740
17196607453
15911746138
17196606534
17196606485
17196606041
17196605641
17189708241
13676537363
17196604091
17189866942
17189762143
17189705940
15911575040
17189702474
17131013154
17131011452
13438869961
17130014316
17074222948
17074221420
17074220949
15911662402
15096626351
17079256657
17079256501
17858423515
13458589297
13486159480
15911543938
17199010403
17078876264
17005789024
15287123009
17005788969
17005788936
17005786587
17005786498
17005786443
17005786382
17005786378
17005783713
17005781764
17005781691
18482322189
18241441098
17191235453
17081807871
17828499745
18482302898
13408530344
18708144192
15708441059
13057897017
18780046711
15708433447
17079542439
18520555423
18780076453
18482353955
15911716642
15025119942
18787478865
13615777780
13408027135
18428058636
15068488077
18482035360
18781977265
18482023900
15087156243
13105407881
13588674936
18428373795
18482024159
18482070409
17073359734
18428370906
13438839951
15087026605
13162802842
15708497063
17150077224
13162800841
13408474774
17150078143
18482021623
13758805200
18702842358
18482322287
18483659256
13127909105
13458565758
18788145352
15287146826
18482385059
17093139495
17173092842
18482376580
13127906851
17045705934
13127818025
13408504637
18241441139
17162627134
18482304147
13868555069
18483697274
18072192168
18782049404
17173094173
17124054685
13402800802
18728430348
18428083733
17124054156
15025164715
17090471626
17044462855
15157717144
15159392353
14702824886
18482348730
18482353237
18753481104
15726199024
15708464124
15096694736
15708461301
18702897499
18428098026
15658669847
18782018499
13698181847
18482345518
19809448387
19809444776
17043194800
18780046316
18058350781
18719769544
18293646106
15293074110
18867723606
15967761195
18719810875
15095428118
13396951209
15068524169
18072140000
13695745712
13886078374
15105666753
15858785010
17681723436
18393915518
15114303842
15044142356
13458670824
17131140343
13402833671
13402856559
15143593840
13676539706
17124059452
13758865050
17124059429
17124051471
17097282645
18989786736
13074676070
15825798766
18058869183
18857783471
13566112795
18605879638
15224158535
18888618138
13405990124
15057368775
13906887488
17086242014
18368786532
17706870026
18815181533
15565855529
15825486669
15355580004
17073002984
13596387595
13504762771
13706637328
18537183749
13868575461
18293642313
13830618514
18844285244
18844284324
18343556545
15944505849
15944502146
15114302541
13868678713
15993089733
15981280843
13596391569
13868560616
13504385865
13616656640
19809402177
18709364847
18293649875
18394033306
18343552147
18298388841
15873153365
15943589846
15214087553
13404681394
18858789210
15757797206
13216959909
13665786377
15157518086
13958954936
17858473863
13738792513
13587999216
13958916910
13355888930
13695739536
13958934921
15706788699
13676479331
18334485680
15168165906
15957788236
15068253522
18358735058
13732099003
18248512855
13958849438
15036843076
15706790824
15090969311
13968918290
15507184990
13697141017
18357702195
15558190146
15158648345
18482335153
18368795186
17131759450
17081808160
13488997391
18767133116
18428075236
17046051303
15708447419
13408694553
18482309732
17164454701
13121532350
13408049045
18780045963
15805771480
18780008809
17150074623
17150071482
18367816816
18358346920
13858726628
13868334348
15258074062
13806652834
13927525111
13758822065
18815138335
15167818862
13958752067
18212320888
18257718366
15216864265
13735568741
15167881241
15068435390
13880826234
18858843407
13758849750
18958961552
15205896266
18223827886
15158500113
13706631006
18001370997
13629648553
13173531230
15082463677
18358727516
15057790798
18968980911
17816870255
15057709886
13845934379
17172634125
17088738754
17041328629
18249669742
13604656343
13804663140
17138714758
13936871453
17160207480
18767782905
17138710345
17138710344
13836768431
17153638342
17179124370
17166024785
17059915352
18746618041
17137274972
18245809743
17161633641
18846692048
13555495429
15564764920
17179124378
17171794130
13836786426
15214606035
17134185848
18345580241
17153285446
17161632395
17018246116
17153635124
17086208181
17153285445
13566120011
15214606320
13936733492
17024353290
15845824415
18757780664
17122567450
18845902143
18345594707
17197862430
17095629564
13936997453
18857833890
17138714895
15246194596
17189206319
17171548439
17161632196
18866822266
15639171988
13587969451
18368791882
15157746389
13588900937
13868867859
15967789650
13506615558
15258675985
13958966902
18815052389
