13506634501
13506618400
13958930577
15325011314
18875822968
13868548193
13957763995
15157784255
15706780712
15888210268
18257712837
17357707353
13868583163
13676530710
17857189289
15168726675
13566205780
13906665170
15267718687
18668076586
13587653155
18006688190
18868945621
13336965899
13186815916
18957729878
17389713176
15858031505
15669887198
13858790137
15867736063
13858714917
15857735919
13958952786
13858747195
18868273772
13567715173
13958756175
15057527080
18858815034
13567747956
13588825986
17862971970
15205775667
15167448750
18768197870
13362737726
15700089293
18815084897
15167812332
18957769806
18768134716
13606770071
15988797301
15669782711
15058935518
15868008695
15158500865
18862456037
17763026153
13616629418
13362785000
18367830245
13758811530
13600684988
13868539815
13868597152
15968795686
15356776238
13857704303
15167432674
15168722785
15067860360
13758821552
18815107595
15257790582
13758861089
15988797964
13868602180
15858031234
15224159564
13868588656
13567713248
13506775767
13588958839
15267876845
13958952237
13868339428
13868563347
18662882777
18357729598
13107766918
15088559007
18968742898
13605771205
13958967909
13758821582
15168720601
15867710462
15669765101
13676533892
13646570961
18958803669
13958784599
13958979019
13616664717
13106109970
13587700610
13958800540
13867764461
18814964629
13758831850
13868331277
18858744839
13655874018
13958979135
15967765594
13506529630
13695821052
15706792989
18817227577
13958925035
17365868520
15067883928
13646581736
18888646830
13088680166
15167732927
18759399837
18967766929
15157716997
18858810636
18767759935
17715153005
18324262444
18858710251
13587539668
18357728037
15267780778
13868599984
17681758238
18577165020
15158723115
15258070725
15088565828
15088565898
18859336102
17318339973
18457537820
13958947248
13758810969
15888786000
18257613319
13958963701
13868884377
13868504437
15060339337
13588900203
13646514860
17857092883
13757742811
18867766833
15723268864
18358791370
15669879300
15558077399
18814925797
13758805285
17328816581
15967449501
13676536263
13588901981
13868530330
13587992898
18968942936
13326071357
18066258370
15706796903
15868009482
13958921756
18814926394
15868717861
15727868623
15058360802
13506630676
15757795508
13858786533
17706737773
18050353338
18759732960
13868534423
13486721350
15980092753
15988796355
18815150238
18858711722
15157745108
13566219974
15757778746
18858808157
15995533508
17858472337
15258007231
15706841942
13958969381
15258763289
13958745273
15158523322
13736986884
13806629060
13736981210
15381542671
15669312285
18968745158
15867798563
13958902032
13858727237
15869463056
18324214422
13868524300
15968777516
13868331921
13868513413
15160118661
13205778666
15967763618
15858032762
13506610308
13695889516
13758886590
15068485876
15158754307
13356166100
13758815684
15260321112
13958922842
13476032893
13091915811
13675261131
13587998045
13588122416
15757775575
13486777288
15058799176
15867751599
15067895572
15855632356
15856516602
13566205921
15858026410
13906772754
15372817737
15857737375
15157746410
15067882199
15857737783
13967724750
18357726062
13806621616
13616603728
15057348025
13858711787
13626500519
13695822842
15068489750
13588906452
13780159647
15888476805
13506520321
13958922606
15706771678
18815087101
15167830539
15057790520
13676530618
13906666325
13706634985
18158338818
17682326071
13758196102
13732015387
18368791589
15757777865
13806802753
13858286029
18157720908
13857714896
18858837333
13506626886
18906642873
15958797087
18658726068
13868852579
15067834552
18358783023
18257711112
15058760885
18358767331
18767752577
13566217536
13588049352
13958929197
13806615052
15057304750
13868533996
13958937612
18367733768
13157556895
13506776036
13506776038
15057788007
13575402508
15325875897
15057782996
15067837319
18875820230
13958977708
13958700975
13958934198
13738777155
15858030608
15267735501
15158509099
15167893231
13506529712
15858592523
18858814220
13587985726
13566217725
13858767166
13736718291
13506624321
13868511231
13968935203
15657796766
18358725882
15958750962
18858746471
13588903738
13736982607
13868539312
15105870986
15258047563
13587997054
13606773412
13958715286
13676471315
13732222273
15906148277
13858710182
13600683919
13676765180
13968860863
13868562014
13758835446
15168725806
18458738166
13372542600
15258795561
15057790962
13958897053
13806836810
13868555527
18957318668
13868535593
13868359921
13566202911
15658660322
15088560860
15267595920
15869462727
13053148666
15381584542
18815086399
13588936531
13806616757
15706794874
15167848087
15888785809
15058799129
13868459158
13567705708
13587536823
13867733924
13868851852
15905872509
15268777645
13587987234
13868336189
15888784892
15757172201
18968907526
15382533396
18367739098
15057722688
15726809989
15067792073
15658639921
15256389568
13758847573
15057525992
15372819589
13982830377
17367189860
13676591568
18814926161
18850742538
15868007748
15658669618
18867721723
15280015739
13511499615
13706635360
15706808317
15058936835
17855842099
13868662011
15868009325
15088588875
13362763318
18815018812
13958945778
13823859159
13587538283
18815017456
15868578387
18358578787
15058715999
13868533627
13738313059
15757759120
15888411229
13868537893
13567717797
13587999019
13958909082
13958976943
18357740790
15888472324
13958927720
13587996966
15057351845
13868339529
13626561375
15158506884
18967778058
18157717383
15057521116
15215867281
15057524107
13958918432
15907635960
15669500236
18205879716
18875822308
13906665761
18357811977
13566248543
18868272669
18857788752
17601428479
15258496848
13758826029
13732015792
18757796315
18367737340
18066318103
15951650297
15868547333
13676553631
15158715242
18358727917
15088815641
17376583336
13868564716
15658660080
18821723202
15057369511
15967400276
13566191791
13757884512
13868590309
13967739235
13295878931
13868551355
15988702525
13674641522
18757065686
15167884641
15257795188
13566192742
15800741973
15168262305
13588909373
15727803930
13606770805
15868005634
15158500671
15158656659
13906643746
18868271661
15167432810
15868590501
15888475066
13758432550
13958971597
18857738066
13867737927
13868525073
13695759852
13958948388
13567743249
13868587845
13867736713
15857739725
13806621852
13958837949
15294957006
15258715218
13868583157
15057524120
13868590437
13506636472
18958930880
13868333454
18858806469
13858731959
15397383010
13868589435
17328827325
18757720902
15057745220
15158422135
13958950075
18006687602
13706633421
18710971734
18858738986
13626526996
13868459020
18858746734
13353313838
15888780942
13867734623
13958926723
15058760634
15158505270
15167889538
13695756956
15167730311
13858743269
13506520598
13587990570
13020905010
15757123185
13868533006
15857752274
13706648125
15857736674
18321823526
13588779506
15858789968
15057369068
13566204616
13958973805
15869444419
13868516591
13868542225
13506631542
13676757871
13262808071
15088564525
13616625833
15736649383
13606774502
13732555375
15707073435
18851365558
15225382208
15868128786
15868596301
13615872557
15225265112
15058361551
18376500024
18240744189
15858032770
13616659720
13506634040
15705872142
13506525030
15722620610
18757743723
15252910674
15207279487
17858510930
13587545820
18392197080
15068486257
13587430345
17858065800
15088581848
13868656740
15669937189
13958718714
18857841763
15888781899
18815125316
18857785605
15868069932
13506778612
15068486126
18458461173
18767755476
18352926805
15157749238
13968947959
13958728031
18668762260
17780346030
15808338575
17606775463
15257731868
13868588951
13587981405
13515069884
15888210298
18257735100
13736307171
13676535457
18798423340
13567719020
13868362141
17681755872
13858852219
13600664636
13958926597
18268208748
17751036805
17376597230
15858786725
15258712539
13968869000
15167842246
18019000540
13566291242
13868525521
18767752506
13587999265
13588902079
15088915610
15825644996
15088564282
18967730803
18367858859
13282168660
13868861009
15224150689
15957755192
13858763832
18368795573
13587534663
18072020876
15683900088
18958788751
18817515625
15216846709
13506523881
13758819476
18221590072
15158597311
13806576456
15057323688
15958242903
18334478860
15089228222
13806618804
15257750536
15057525753
13868548755
18767750649
13868579026
18858821838
18705779424
18757799265
15057521718
13884400269
13868529181
18857537913
18267427501
13758824758
15868898064
15168729207
15067884195
15268583701
18651101560
15958240297
15168326332
13867091410
15990790411
18868269245
18034466303
15005898688
15202185290
18868826173
15088533092
13356148406
13205808878
15080340219
18658385096
13567749771
15057791509
17857572072
15267739621
15868666098
18388988035
13757881062
15168723332
18757782497
13958918451
15205871656
15868006803
18858833155
13758772706
13506637273
13958970206
15167803687
13634274725
18968736682
13958977630
18267726056
13738389891
18267193320
13867761352
13868585798
13587835063
13958970604
13732018560
15267735697
13587506053
15558763953
18621951442
15707472274
17195379045
13758870321
15058947354
13587818190
13695702680
18358785801
13736984857
18858833769
13858761284
13958963610
13868791913
15150836740
15757779735
18815034616
17519368599
18357763825
18057706900
13588152297
15867738162
13868553473
15267711212
15224158081
13738377381
18867727433
15088563981
17328803360
15888473030
13758810317
18757761213
13695886803
18367735521
15258798658
15158501123
15669718808
17190943091
17180477343
15707470094
15774119854
15888210792
15858035692
13868539562
13262375683
18368793676
13738791791
15974072048
15774110141
15774117774
18244726440
18257781147
13566128673
13958916845
13868540931
18867720597
13676530220
18205777292
13738794369
18205873068
17858633104
13958903784
18858751492
15728041534
18767788209
18906676061
15869462730
15888751629
15967763083
15180600777
15058936125
15774118324
15669813778
18267835236
15268680961
13706622592
17769802132
18658373835
18537020117
15224154405
18875840032
15257738887
15058942136
13506524007
15706791202
17706645393
13868481997
13777594416
13868334555
13695721836
18720811527
18705776881
13736732002
15257797512
15858853063
15057366393
13486722779
18858809520
15706777996
18767721168
15005773881
15167846601
15974089346
15707479614
13758816614
15774116544
15074663114
15888474509
13758886736
18858741389
15325504885
15805772670
15059312508
15858769044
18705770320
15757828207
13868339298
13074645700
13588900687
15168729982
17194162047
17096651159
15707474584
15774100714
13968937030
13530349010
13185886100
13646578782
13858707045
15258418666
13735821375
13587980271
13868532387
15267427980
13868520065
13616232344
18858829580
18724221754
18745455634
18724219075
17606771182
13868338092
17681728808
15888782712
13626516496
18244789142
15707473744
18474652245
15074664734
15774111764
17128055542
15706778608
