安阳万达广场 8023 5093 0.6347999501433379
蚌埠万达广场 6948 2702 0.3888888888888889
北海万达广场 5657 7467 1.3199575746862295
北京石景山万达广场 25945 40587 1.564347658508383
北京通州万达广场 20509 19185 0.9354429762543274
北京丰台万达广场 31821 22269 0.6998208730083907
北京槐房万达广场 38769 19913 0.5136320255874539
北京怀柔万达广场 5320 4119 0.7742481203007519
北京西铁营万达广场 12031 9441 0.7847227994347935
北京CBD万达广场 1362 1162 0.8531571218795888
包头万达广场 23500 25018 1.0645957446808512
包头九原万达广场 23074 4768 0.20663950767097167
亳州万达广场 9277 4958 0.5344400129352161
滨州万达广场 6359 2846 0.4475546469570687
长春红旗街万达广场 9543 5723 0.5997065912186943
长春宽城万达广场 13968 5450 0.3901775486827033
长春车城万达广场 11263 3149 0.27958803160791973
长春重庆路万达广场 695 520 0.7482014388489209
常德万达广场 7349 11345 1.543747448632467
成都锦华路万达广场 16980 10584 0.623321554770318
成都金牛万达广场 23775 13072 0.5498212407991587
成都蜀都万达广场 10517 8784 0.8352191689645336
成都双流万达广场 4317 3643 0.8438730599953671
成都青羊万达广场 11617 10328 0.8890419213222003
崇州万达广场 8838 7922 0.8963566417741571
成都金堂万达广场 6441 3320 0.5154479118149355
成都武侯万达广场 2100 2393 1.1395238095238096
赤峰万达广场 9691 7419 0.7655556702094727
重庆南坪万达广场 10136 8221 0.811069455406472
重庆万州万达广场 7804 4305 0.5516401845207586
重庆巴南万达广场 12899 8637 0.6695867896736181
重庆永川万达广场 5418 4136 0.7633813215208564
重庆北碚万达广场 5011 3947 0.7876671323089204
重庆綦江万达广场 5962 4757 0.7978866152297887
重庆沙坪坝万达广场 3846 99 0.02574102964118565
重庆铜梁万达广场 9 25 2.7777777777777777
长沙开福万达广场 6607 3118 0.47192371726956256
朝阳万达广场 7344 2834 0.3858932461873638
长治万达广场 210 15826 75.36190476190477
常州万达广场 14598 10644 0.729140978216194
常州武进万达广场 14084 7508 0.533087191138881
常州溧阳万达广场 5739 1622 0.2826276354765639
丹东万达广场 11915 8595 0.7213596307175829
东莞长安万达广场 18599 10431 0.560836604118501
东莞东城万达广场 31919 18564 0.5815971678310724
东莞厚街万达广场 20095 12526 0.6233391390893257
东莞虎门万达广场 14733 9708 0.6589289350437793
大连高新万达广场 13657 9043 0.6621512777330307
大连开发区万达广场 13164 8019 0.6091613491340018
大连庄河万达广场 7635 4634 0.6069417157825803
大连普兰店区万达广场 8133 4442 0.5461699249969261
大连甘井子万达广场 10275 7693 0.7487104622871046
大庆万达广场 12455 4168 0.3346447209955841
大同万达广场 19752 9547 0.48334345889023894
德阳万达广场 5303 4405 0.8306618894965114
东营万达广场 19961 9368 0.46931516457091327
东营东城万达广场 6711 888 0.13232007152436298
山东德州万达广场 21488 10673 0.49669583023082653
抚顺万达广场 13677 5146 0.3762521020691672
佛山南海万达广场 20857 13078 0.6270316919978904
佛山三水万达广场 4772 3411 0.7147946353730092
金沙洲万达广场 21944 11149 0.5080659861465548
阜新万达广场 10826 2592 0.23942360982819139
阜阳颍州万达广场 7498 5187 0.6917844758602294
阜阳颍泉万达广场 1920 691 0.35989583333333336
抚州万达广场 8384 4084 0.48711832061068705
福州仓山万达广场 35124 11099 0.31599476141669514
福州金融街万达广场 7660 2989 0.3902088772845953
福州福清万达广场 8744 6759 0.7729871912168343
桂林高新万达广场 7832 8481 1.0828651685393258
桂林叠彩万达广场 6717 6210 0.9245198749441715
贵阳观山湖万达广场 9516 4998 0.5252206809583859
四川广元万达广场 7380 3523 0.47737127371273713
广州白云万达广场 13821 10145 0.7340279285145792
广州番禺万达广场 14664 9103 0.620771958537916
广州增城万达广场 1261 2367 1.8770816812053925
广州萝岗万达广场 9935 7514 0.7563160543532964
广州南沙万达广场 11727 7567 0.6452630681333674
淮安万达广场 10883 5183 0.4762473582651842
鹤壁万达广场 2146 855 0.3984156570363467
淮北万达广场 287 3839 13.376306620209059
哈尔滨香坊万达广场 8490 4968 0.5851590106007067
哈尔滨哈西万达广场 13622 9999 0.7340331816179709
哈尔滨万达茂 7100 2915 0.41056338028169015
合肥包河万达广场 14189 8492 0.598491789414335
合肥天鹅湖万达广场 15102 9098 0.6024367633426037
合肥瑶海万达广场 10568 7182 0.6795987887963664
合肥万达茂 9635 5344 0.5546445251686559
巢湖万达广场 68 213 3.1323529411764706
黄冈万达广场 6997 2823 0.4034586251250536
呼和浩特万达广场 16411 12092 0.7368228627140333
回民区万达广场 10267 8718 0.8491282750560046
海口秀英万达广场 8249 4361 0.528670141835374
满洲里万达广场 4752 3070 0.6460437710437711
淮南万达广场 6369 9757 1.531951640759931
湖北黄石万达广场 5002 2855 0.5707716913234706
衡阳万达广场 19871 6166 0.31030144431583717
杭州拱墅万达广场 13763 10124 0.7355954370413428
湖州万达广场 11173 2983 0.2669829052179361
菏泽万达广场 21 37 1.7619047619047619
惠州大亚湾万达广场 13871 8852 0.6381659577535866
金华万达广场 7465 5487 0.7350301406563965
义乌万达广场 3204 2220 0.6928838951310862
九江万达广场 6274 2131 0.33965572202741473
吉林昌邑万达广场 14370 6562 0.4566457898399443
荆门万达广场 10599 4170 0.3934333427681857
江门万达广场 8772 4949 0.5641814865481076
江门新会万达广场 20133 13513 0.6711866090498187
佳木斯万达广场 11711 5963 0.5091794039791648
济宁万达广场 14012 7647 0.5457465029974308
济南魏家庄万达广场 18652 10271 0.5506648080634784
济南高新万达广场 21546 12879 0.5977443609022557
酒泉万达广场 2601 983 0.37793156478277584
鸡西万达广场 6340 2743 0.4326498422712934
浙江嘉兴万达广场 8595 5991 0.6970331588132636
嘉兴经开万达广场 2069 2592 1.252779120347994
锦州万达广场 5429 5314 0.9788174617793333
晋中万达广场 12023 5688 0.47309323796057556
焦作万达广场 8449 5910 0.6994910640312463
荆州万达广场 6200 3961 0.6388709677419355
开封万达广场 131 1122 8.564885496183207
昆明西山万达广场 11523 8720 0.7567473748155862
六安万达广场 5332 2905 0.5448237059264817
廊坊万达广场 16757 15725 0.9384137972190726
六盘水万达广场 6907 7044 1.0198349500506732
乐山万达广场 8601 7646 0.8889663992559005
连云港万达广场 7464 7167 0.9602090032154341
龙岩万达广场 7959 5053 0.6348787536122629
辽阳万达广场 7630 2665 0.3492791612057667
洛阳万达广场 5964 3244 0.5439302481556003
兰州万达广场 17599 10213 0.5803170634695153
泸州万达广场 4827 2853 0.5910503418272218
柳州城中万达广场 17582 12789 0.7273916505517006
柳州柳南万达广场 5148 6684 1.2983682983682985
马鞍山万达广场 6189 1840 0.2973016642430118
牡丹江万达广场 9448 4553 0.4819009314140559
眉山万达广场 6049 2308 0.38155066953215405
绵阳万达广场 14898 9700 0.6510941065914888
梅州万达广场 12334 7138 0.5787254742986866
宁波鄞州万达广场 13370 12441 0.9305160807778609
宁波江北万达广场 8953 7429 0.8297777281358204
宁波余姚万达广场 6713 3886 0.5788768061969314
宁波奉化万达广场 3741 684 0.18283881315156375
南昌红谷滩万达广场 9579 5224 0.545359640881094
南昌万达茂 4699 2077 0.4420089380719302
八一万达广场 2476 1819 0.7346526655896607
南昌西湖万达广场 7260 2440 0.33608815426997246
南昌青山湖万达广场 23 18 0.782608695652174
宁德万达广场 8763 6066 0.6922286888052037
南京建邺万达广场 6100 6197 1.0159016393442624
南京江宁万达广场 17867 12640 0.7074494878826888
南京万达茂 9065 5512 0.6080529509100938
南京溧水万达广场 36 1440 40.0
四川内江万达广场 9281 6302 0.6790216571490141
南宁青秀万达广场 20383 13817 0.6778688122454987
南宁安吉万达广场 14512 8453 0.5824834619625138
南宁万达茂 37406 21476 0.5741324921135647
南宁江南万达广场 16622 10979 0.6605101672482252
南平万达广场 36 43 1.1944444444444444
南通万达广场 8252 3890 0.47140087251575374
南通通州万达广场 5014 4016 0.800957319505385
平顶山万达广场 14060 5541 0.3940967283072546
盘锦万达广场 16871 7527 0.4461501985655859
莆田万达广场 6508 4246 0.6524277811923787
贵州丹寨万达小镇 278 101 0.36330935251798563
青岛CBD万达广场 12186 4734 0.38847858197932056
青岛李沧万达广场 11983 6983 0.5827422181423684
青岛东方影都万达茂 11564 3205 0.27715323417502596
曲靖万达广场 3956 7064 1.7856420626895855
齐齐哈尔万达广场 10634 3460 0.3253714500658266
清远万达广场 7214 4450 0.6168561131133906
泉州晋江万达广场 10854 6438 0.5931453841901603
泉州万达广场 11450 7595 0.6633187772925764
衢州万达广场 3731 4000 1.0720986330742428
上海五角场万达广场 27335 18783 0.6871410279860984
上海江桥万达广场 16058 10735 0.6685141362560717
上海周浦万达广场 13773 7250 0.5263922166557758
上海宝山万达广场 11562 8697 0.7522055007784121
上海松江万达广场 18410 13527 0.7347637153720804
上海金山万达广场 9732 6585 0.6766337854500617
上海颛桥万达广场 4250 13427 3.159294117647059
上海嘉定中信泰富万达广场 38 64 1.6842105263157894
绥化万达广场 266 1242 4.669172932330827
石家庄裕华万达广场 32598 25947 0.7959690778575372
三明万达广场 7379 2734 0.37051090933730857
三门峡万达广场 4320 1724 0.3990740740740741
四川遂宁万达广场 7163 5817 0.8120899064637722
四平万达广场 9452 3282 0.34722809987304276
商丘万达广场 12173 6787 0.5575453873326214
上饶万达广场 6445 1237 0.19193173002327385
绍兴柯桥万达广场 7855 6660 0.8478676002546149
上虞万达广场 2529 1888 0.7465401344404903
诸暨万达广场 3738 1339 0.35821294810058857
十堰万达广场 7682 4061 0.5286383754230669
沈阳铁西万达广场 8475 6761 0.7977581120943953
沈阳太原街万达广场 16931 11993 0.7083456381784892
沈阳北一路万达广场 13891 11520 0.8293139442804693
沈阳奥体万达广场 11094 10161 0.9159004867495943
苏州平江万达广场 9604 6504 0.6772178259058725
苏州太仓万达广场 6297 4926 0.7822772748928061
苏州吴中万达广场 14305 9634 0.6734708144005592
苏州昆山万达广场 12669 10092 0.7965901018233483
苏州常熟万达广场 2621 5218 1.9908431896222816
宿州万达广场 3433 1385 0.4034372269152345
石嘴山万达广场 5535 1664 0.3006323396567299
山东泰安万达广场 18601 10484 0.563625611526262
天津河东万达广场 10472 12626 1.2056913674560734
天津滨海万达广场 7689 1745 0.22694758746260893
铜陵万达广场 6943 3837 0.5526429497335446
通辽万达广场 12148 11389 0.9375205795192624
唐山路南万达广场 47728 19853 0.41596128059001003
太原万达广场 13588 8341 0.6138504562849573
台州万达广场 7372 5257 0.7131036353771025
泰州万达广场 13512 6598 0.4883066903493191
泰兴万达广场 7 866 123.71428571428571
潍坊万达广场 12004 6327 0.5270743085638121
潍坊寿光万达广场 18 23 1.2777777777777777
芜湖镜湖万达广场 8122 4930 0.606993351391283
武汉中央文化旅游区汉街 6690 6160 0.9207772795216741
武汉菱角湖万达广场 11867 7495 0.6315833824892559
武汉经开万达广场 7008 4343 0.6197203196347032
武汉汉街万达广场 14650 10392 0.7093515358361775
乌海万达广场 13334 9502 0.7126143692815359
乌鲁木齐万达广场 13867 6214 0.4481142280233648
乌鲁木齐德汇万达广场 15282 8539 0.5587619421541683
乌鲁木齐高新万达广场 308 11250 36.52597402597402
陕西渭南万达广场 4429 2357 0.5321743057123505
武威万达广场 859 1959 2.2805587892898718
无锡滨湖万达广场 10011 6533 0.6525821596244131
无锡江阴万达广场 6056 4082 0.6740422721268163
宜兴万达广场 1369 707 0.5164353542731921
无锡惠山万达广场 4652 3461 0.7439810834049871
吴忠万达广场 7882 4098 0.5199188023344329
温州龙湾万达广场 7202 7800 1.0830324909747293
温州平阳万达广场 6957 4819 0.6926836280005749
西安民乐园万达广场 4533 3680 0.8118243988528568
西安碑林区万达广场 9538 5717 0.5993919060599706
西安大明宫万达广场 10546 5467 0.5183956002275745
西安高新万达广场 17324 6360 0.36712075733087046
宣城万达广场 4129 2387 0.5781060789537418
许昌万达广场 31 24 0.7741935483870968
厦门湖里万达广场 18493 11191 0.6051478937976532
厦门集美万达广场 12880 8939 0.6940217391304347
西宁万达广场 9672 5233 0.5410463192721258
西双版纳万达广场 3171 1661 0.5238095238095238
湘潭万达广场 12207 2814 0.23052347014008356
邢台万达广场 259 5226 20.177606177606176
新乡万达广场 7839 5421 0.6915422885572139
咸阳丽彩万达广场 6095 2789 0.4575881870385562
襄阳万达广场 10498 5456 0.5197180415317203
徐州万达广场 8157 3874 0.4749295083976952
徐州铜山万达广场 11225 4489 0.3999109131403118
陕西延安万达广场 5448 1527 0.2802863436123348
雅安万达广场 10451 3970 0.3798679552195962
延吉万达广场 6859 5220 0.7610438839480974
盐城万达广场 4908 2828 0.5762021189894051
宜春万达广场 4181 653 0.15618273140397035
运城万达广场 12 44 3.6666666666666665
银川金凤万达广场 10432 5958 0.5711273006134969
银川西夏万达广场 4216 4227 1.0026091081593929
宜昌万达广场 8469 2862 0.3379383634431456
营口万达广场 7115 4293 0.6033731553056922
鲅鱼圈万达广场 16269 3069 0.18864097363083165
烟台芝罘万达广场 19437 8538 0.439265318722025
烟台开发区万达广场 10658 6780 0.6361418652655283
益阳万达广场 9789 7439 0.7599346204923895
扬州万达广场 11243 6602 0.5872098194432092
湛江万达广场 11307 6329 0.5597417528964358
镇江万达广场 6893 4799 0.6962135499782388
资阳万达广场 6730 4777 0.7098068350668648
郑州中原万达广场 16037 12495 0.7791357485814056
郑州二七万达广场 13624 8826 0.6478273634762184
郑州惠济万达广场 8066 5408 0.6704686337713861
漳州万达广场 11705 6590 0.5630072618539086
漳州台商万达广场 3237 624 0.1927710843373494
枣庄万达广场 5884 7998 1.3592794017675052
