安阳万达广场 8021 4485 0.5591572123176661
蚌埠万达广场 6942 2192 0.3157591472198214
北海万达广场 5628 5889 1.0463752665245203
北京石景山万达广场 25925 35489 1.368910318225651
北京通州万达广场 20472 16565 0.8091539663931223
北京丰台万达广场 31773 19642 0.6181978409341264
北京槐房万达广场 38710 16231 0.4192973391888401
北京怀柔万达广场 5315 3251 0.6116650987770461
北京西铁营万达广场 12004 8207 0.6836887704098634
北京CBD万达广场 1361 1035 0.7604702424687729
包头万达广场 23481 23337 0.9938673821387505
包头九原万达广场 23067 4082 0.17696276065374777
亳州万达广场 9265 4525 0.4883971937398813
滨州万达广场 6346 2290 0.36085723290261584
长春红旗街万达广场 9533 4942 0.5184097346061051
长春宽城万达广场 13954 4747 0.340189193062921
长春车城万达广场 11257 2881 0.2559296437772053
长春重庆路万达广场 694 463 0.6671469740634006
常德万达广场 7336 9095 1.2397764449291166
成都锦华路万达广场 16959 9179 0.5412465357627219
成都金牛万达广场 23745 11395 0.479890503263845
成都蜀都万达广场 10497 6867 0.6541869105458703
成都双流万达广场 4312 2784 0.6456400742115028
成都青羊万达广场 11593 8811 0.7600276028637971
崇州万达广场 8828 6511 0.7375396465790666
成都金堂万达广场 6439 3169 0.4921571672619972
成都武侯万达广场 2099 2110 1.0052405907575035
赤峰万达广场 9686 3729 0.3849886434028495
重庆南坪万达广场 10112 7198 0.7118275316455697
重庆万州万达广场 7795 3644 0.4674791533033996
重庆巴南万达广场 12883 7097 0.5508810059768687
重庆永川万达广场 5417 3842 0.7092486616208233
重庆北碚万达广场 5007 3364 0.6718593968444179
重庆綦江万达广场 5952 3310 0.5561155913978495
重庆沙坪坝万达广场 3845 93 0.024187256176853057
重庆铜梁万达广场 9 23 2.5555555555555554
长沙开福万达广场 6604 2683 0.4062689279224712
朝阳万达广场 7339 2527 0.34432483989644364
长治万达广场 210 11752 55.96190476190476
常州万达广场 14575 8886 0.6096740994854203
常州武进万达广场 14065 6456 0.45901173124777817
常州溧阳万达广场 5737 1347 0.2347917029806519
丹东万达广场 11905 7480 0.6283074338513229
东莞长安万达广场 18569 7750 0.41736227045075125
东莞东城万达广场 31877 15822 0.4963453273520093
东莞厚街万达广场 20069 10340 0.5152224824355972
东莞虎门万达广场 14702 7415 0.5043531492313971
大连高新万达广场 13640 7502 0.55
大连开发区万达广场 13152 7375 0.5607512165450121
大连庄河万达广场 7633 3801 0.4979693436394602
大连普兰店区万达广场 8133 3978 0.48911840649206934
大连甘井子万达广场 10271 6632 0.6457014896309999
大庆万达广场 12449 3413 0.2741585669531689
大同万达广场 19730 8168 0.4139888494678155
德阳万达广场 5302 3931 0.7414183327046397
东营万达广场 19944 7810 0.3915964701163257
东营东城万达广场 6705 772 0.11513795674869501
山东德州万达广场 21487 9777 0.4550193140038163
抚顺万达广场 13671 4279 0.31299831760661256
佛山南海万达广场 20830 10648 0.5111857897263562
佛山三水万达广场 4763 2454 0.5152214990552173
金沙洲万达广场 21898 9448 0.4314549273906293
阜新万达广场 10814 2025 0.18725725910856297
阜阳颍州万达广场 7493 4257 0.5681302549045776
阜阳颍泉万达广场 1920 523 0.27239583333333334
抚州万达广场 8377 3387 0.4043213560940671
福州仓山万达广场 35098 9626 0.2742606416320018
福州金融街万达广场 7650 2579 0.33712418300653596
福州福清万达广场 8731 5227 0.5986714007559272
桂林高新万达广场 7823 7652 0.9781413779879842
桂林叠彩万达广场 6681 4910 0.7349199221673403
贵阳观山湖万达广场 9508 4293 0.45151451409339505
四川广元万达广场 7378 3069 0.41596638655462187
广州白云万达广场 13775 8555 0.6210526315789474
广州番禺万达广场 14638 7486 0.5114086623855718
广州增城万达广场 1256 1299 1.0342356687898089
广州萝岗万达广场 9911 6246 0.630208858843709
广州南沙万达广场 11700 6073 0.5190598290598291
淮安万达广场 10876 4470 0.41099668995954397
鹤壁万达广场 2144 741 0.345615671641791
淮北万达广场 281 3527 12.551601423487545
哈尔滨香坊万达广场 8483 4611 0.5435577036425793
哈尔滨哈西万达广场 13604 8647 0.6356218759188474
哈尔滨万达茂 7095 2215 0.31219168428470756
合肥包河万达广场 14159 7361 0.5198813475527932
合肥天鹅湖万达广场 15077 7932 0.5260993566359355
合肥瑶海万达广场 10549 5517 0.5229879609441653
合肥万达茂 9629 3712 0.38550212898535674
巢湖万达广场 68 181 2.661764705882353
黄冈万达广场 6994 2371 0.33900486130969404
呼和浩特万达广场 16385 10566 0.64485810192249
回民区万达广场 10255 7043 0.6867869332033154
海口秀英万达广场 8235 3722 0.45197328476017
满洲里万达广场 4752 2763 0.5814393939393939
淮南万达广场 6349 8941 1.4082532682312174
湖北黄石万达广场 4999 2392 0.478495699139828
衡阳万达广场 19853 4601 0.23175338739737067
杭州拱墅万达广场 13747 8727 0.6348294173274169
湖州万达广场 11168 2606 0.23334527220630372
菏泽万达广场 21 30 1.4285714285714286
惠州大亚湾万达广场 13846 7102 0.5129279214213491
金华万达广场 7454 4808 0.6450228065468205
义乌万达广场 3194 1958 0.6130244207889793
九江万达广场 6272 1778 0.28348214285714285
吉林昌邑万达广场 14363 6129 0.426721437025691
荆门万达广场 10590 3549 0.3351274787535411
江门万达广场 8755 4360 0.49800114220445457
江门新会万达广场 20120 12589 0.6256958250497018
佳木斯万达广场 11707 5220 0.44588707610831124
济宁万达广场 14002 6849 0.4891444079417226
济南魏家庄万达广场 18623 8995 0.4830048864307577
济南高新万达广场 21525 10856 0.5043437862950058
酒泉万达广场 2600 832 0.32
鸡西万达广场 6332 2435 0.3845546430827543
浙江嘉兴万达广场 8581 4856 0.5659014100920639
嘉兴经开万达广场 2067 2019 0.97677793904209
锦州万达广场 5412 4079 0.7536954915003695
晋中万达广场 12014 4964 0.41318461794572997
焦作万达广场 8444 4993 0.5913074372335386
荆州万达广场 6198 3206 0.5172636334301387
开封万达广场 131 927 7.076335877862595
昆明西山万达广场 11512 6821 0.5925121612230716
六安万达广场 5327 2370 0.44490332269570115
廊坊万达广场 16745 13393 0.7998208420424007
六盘水万达广场 6889 6403 0.9294527507620844
乐山万达广场 8588 5162 0.6010712622263623
连云港万达广场 7461 6193 0.8300495912076129
龙岩万达广场 7947 3587 0.45136529507990436
辽阳万达广场 7630 2201 0.2884665792922674
洛阳万达广场 5956 2784 0.4674278038952317
兰州万达广场 17582 8894 0.5058582641337732
泸州万达广场 4826 2617 0.5422710319104849
柳州城中万达广场 17534 11028 0.6289494696019162
柳州柳南万达广场 5118 5342 1.0437670965220789
马鞍山万达广场 6186 1269 0.20514064015518912
牡丹江万达广场 9442 4019 0.425651345054014
眉山万达广场 6039 1948 0.3225699619142242
绵阳万达广场 14875 8248 0.5544873949579832
梅州万达广场 12324 4409 0.35775722168127233
宁波鄞州万达广场 13328 8401 0.6303271308523409
宁波江北万达广场 8935 5829 0.6523782876329043
宁波余姚万达广场 6699 3044 0.4543961785341096
宁波奉化万达广场 3740 540 0.1443850267379679
南昌红谷滩万达广场 9569 4543 0.4747622531089978
南昌万达茂 4697 1750 0.37257824143070045
八一万达广场 2474 1558 0.629749393694422
南昌西湖万达广场 7258 2218 0.3055938275006889
南昌青山湖万达广场 23 16 0.6956521739130435
宁德万达广场 8762 5270 0.6014608536863729
南京建邺万达广场 6091 5250 0.8619274339188967
南京江宁万达广场 17835 10971 0.615138772077376
南京万达茂 9033 3940 0.43617845676962247
南京溧水万达广场 34 1079 31.735294117647058
四川内江万达广场 9271 5282 0.56973357782332
南宁青秀万达广场 20343 12299 0.6045814285012043
南宁安吉万达广场 14488 7158 0.4940640530093871
南宁万达茂 37336 16483 0.44147739447182344
南宁江南万达广场 16596 9403 0.5665823089901181
南平万达广场 36 41 1.1388888888888888
南通万达广场 8237 3426 0.4159281291732427
南通通州万达广场 5009 3174 0.6336594130564983
平顶山万达广场 14045 4704 0.33492346030615877
盘锦万达广场 16842 6370 0.3782211138819618
莆田万达广场 6491 3423 0.5273455553843783
贵州丹寨万达小镇 278 100 0.3597122302158273
青岛CBD万达广场 12183 4237 0.3477796930148568
青岛李沧万达广场 11976 6071 0.5069305277221109
青岛东方影都万达茂 11562 2256 0.1951219512195122
曲靖万达广场 3939 5795 1.4711855800964713
齐齐哈尔万达广场 10630 2616 0.24609595484477892
清远万达广场 7209 3364 0.46663892356776254
泉州晋江万达广场 10835 4492 0.414582371942778
泉州万达广场 11439 6341 0.5543316723489815
衢州万达广场 3727 2589 0.6946605849208478
上海五角场万达广场 27299 16208 0.5937213817355947
上海江桥万达广场 16028 8487 0.5295108560019965
上海周浦万达广场 13766 6439 0.467746622112451
上海宝山万达广场 11540 7326 0.6348353552859619
上海松江万达广场 18378 11041 0.6007726629665905
上海金山万达广场 9709 5120 0.527345761664435
上海颛桥万达广场 4247 11550 2.7195667530021193
上海嘉定中信泰富万达广场 38 64 1.6842105263157894
绥化万达广场 266 1023 3.845864661654135
石家庄裕华万达广场 32577 21429 0.6577953771065476
三明万达广场 7377 2503 0.33929781754100585
三门峡万达广场 4318 1474 0.3413617415470125
四川遂宁万达广场 7153 4468 0.6246330211100237
四平万达广场 9447 2913 0.30835185773261353
商丘万达广场 12138 5723 0.4714944801449992
上饶万达广场 6439 1159 0.17999689392762852
绍兴柯桥万达广场 7841 5521 0.7041193725290141
上虞万达广场 2529 1631 0.6449189402926058
诸暨万达广场 3735 1111 0.2974564926372155
十堰万达广场 7662 3466 0.45236230749151657
沈阳铁西万达广场 8455 5947 0.7033707865168539
沈阳太原街万达广场 16908 9429 0.5576650106458482
沈阳北一路万达广场 13852 8736 0.6306670516892867
沈阳奥体万达广场 11065 8338 0.7535472209670131
苏州平江万达广场 9593 5687 0.5928281038257063
苏州太仓万达广场 6247 4162 0.6662397951016488
苏州吴中万达广场 14285 7755 0.5428771438571929
苏州昆山万达广场 12657 8097 0.639725053330173
苏州常熟万达广场 2618 4666 1.7822765469824293
宿州万达广场 3433 1151 0.3352752694436353
石嘴山万达广场 5531 997 0.18025673476767312
山东泰安万达广场 18578 8292 0.4463343739907417
天津河东万达广场 10459 10608 1.0142461038340185
天津滨海万达广场 7687 1278 0.16625471575387016
铜陵万达广场 6938 3179 0.45820121072355147
通辽万达广场 12139 8625 0.7105198121756323
唐山路南万达广场 47712 17993 0.37711686787391013
太原万达广场 13570 7250 0.5342667649226235
台州万达广场 7351 4477 0.609032784655149
泰州万达广场 13495 5550 0.41126343090033346
泰兴万达广场 7 367 52.42857142857143
潍坊万达广场 11991 5730 0.4778583937953465
潍坊寿光万达广场 18 14 0.7777777777777778
芜湖镜湖万达广场 8107 3885 0.4792154927840138
武汉中央文化旅游区汉街 6689 5660 0.8461653460905965
武汉菱角湖万达广场 11858 6543 0.5517793894417271
武汉经开万达广场 7003 3893 0.5559046123090104
武汉汉街万达广场 14626 8935 0.6108984001093942
乌海万达广场 13318 8268 0.6208139360264304
乌鲁木齐万达广场 13856 5376 0.38799076212471134
乌鲁木齐德汇万达广场 15270 7219 0.4727570399476097
乌鲁木齐高新万达广场 308 7322 23.772727272727273
陕西渭南万达广场 4422 1958 0.4427860696517413
武威万达广场 859 1785 2.0779976717112922
无锡滨湖万达广场 9994 5569 0.5572343406043626
无锡江阴万达广场 6045 3476 0.5750206782464847
宜兴万达广场 1368 415 0.3033625730994152
无锡惠山万达广场 4647 2908 0.6257800731654831
吴忠万达广场 7874 3033 0.38519177038354074
温州龙湾万达广场 7184 5619 0.7821547884187082
温州平阳万达广场 6956 3710 0.5333525014376078
西安民乐园万达广场 4526 3188 0.7043747238179408
西安碑林区万达广场 9529 5116 0.5368873963689789
西安大明宫万达广场 10538 4482 0.42531789713418106
西安高新万达广场 17316 5631 0.3251905751905752
宣城万达广场 4128 2119 0.5133236434108527
许昌万达广场 31 19 0.6129032258064516
厦门湖里万达广场 18465 9446 0.5115624153804496
厦门集美万达广场 12856 7636 0.5939639079029247
西宁万达广场 9662 4604 0.4765058993997102
西双版纳万达广场 3162 1484 0.4693232131562302
湘潭万达广场 12207 2514 0.2059474072253625
邢台万达广场 258 4557 17.662790697674417
新乡万达广场 7834 4712 0.6014807250446771
咸阳丽彩万达广场 6091 2199 0.3610244623214579
襄阳万达广场 10480 4589 0.437881679389313
徐州万达广场 8151 3307 0.40571708992761624
徐州铜山万达广场 11219 4057 0.3616186825920314
陕西延安万达广场 5442 1305 0.2398015435501654
雅安万达广场 10439 3280 0.3142063416036019
延吉万达广场 6851 4905 0.7159538753466648
盐城万达广场 4906 2206 0.449653485527925
宜春万达广场 4181 604 0.14446304711791438
运城万达广场 12 37 3.0833333333333335
银川金凤万达广场 10424 5224 0.501151189562548
银川西夏万达广场 4212 3536 0.8395061728395061
宜昌万达广场 8460 2406 0.2843971631205674
营口万达广场 7104 3523 0.4959177927927928
鲅鱼圈万达广场 16264 2644 0.16256763403836694
烟台芝罘万达广场 19419 7324 0.377156393223132
烟台开发区万达广场 10647 6001 0.5636329482483329
益阳万达广场 9788 4628 0.4728238659583163
扬州万达广场 11234 5775 0.5140644472138152
湛江万达广场 11295 5225 0.4625940681717574
镇江万达广场 6883 3907 0.567630393723667
资阳万达广场 6717 3676 0.5472681256513324
郑州中原万达广场 16016 10730 0.669955044955045
郑州二七万达广场 13603 7603 0.5589208262883187
郑州惠济万达广场 8057 4594 0.5701874146704728
漳州万达广场 11686 5342 0.45712818757487594
漳州台商万达广场 3200 506 0.158125
枣庄万达广场 5873 5749 0.9788864294227823
