1100792 亳州万达广场 115.779493 33.828654
1102461 滨州万达广场 117.993034803 37.4043727965
1000276 长春红旗街万达广场 125.296127 43.867217
1000463 长春宽城万达广场 125.32206 43.914486
1104726 长春车城万达广场 125.196715 43.822744
1105053 长春重庆路万达广场 125.32013 43.88969
1000284 成都锦华路万达广场 104.096508 30.620909
1000383 成都金牛万达广场 104.074129 30.68629
1100487 成都蜀都万达广场 103.907474 30.807593
1102342 成都双流万达广场 103.92652 30.596194
1102432 成都青羊万达广场 103.973458 30.674972
1104507 崇州市万达广场 103.68642 30.622719
1104958 成都金堂万达广场 104.416611 30.85351
1105251 成都武侯万达广场 103.997755 30.621173
1100805 常德万达广场 111.681445 29.054694
1000644 赤峰万达广场 118.916086 42.25298
1000294 重庆南坪万达广场 106.569361 29.525068
1000563 重庆万州万达广场 108.383994 30.811712
1001009 重庆巴南万达广场 106.544298 29.398654
1100804 重庆永川万达广场 105.9301768086 29.3359194555
1104655 重庆北碚万达广场 106.390085 29.797691
1104891 重庆綦江万达广场 106.665018 29.035463
1105328 重庆沙坪坝万达广场 106.474428 29.543042
1105334 重庆铜梁万达广场 106.079981 29.837509
1000403 长沙开福万达广场 112.971046 28.198287
1101038 朝阳万达广场 120.463092 41.591026
1105325 长治万达广场 113.122658 36.210785
1000285 常州万达广场 119.970004 31.818081
1000705 常州武进万达广场 119.947245 31.734114
1105298 常州溧阳万达广场 119.500629 31.398989
1000625 丹东万达广场 124.363414 40.107286
1000545 东莞长安万达广场 113.822629 22.809386
1000707 东莞东城万达广场 113.77951 23.034836
1001010 东莞厚街万达广场 113.673624 22.942573
1101336 东莞虎门万达广场 113.687522 22.83557
1000423 大连高新万达广场 121.5339781961 38.862037231
1001005 大连开发区万达广场 121.783211 39.05888
1104512 大连庄河万达广场 122.977003 39.682512
1104513 大连市普兰店区万达广场 121.940837 39.401243
1104805 大连甘井子万达广场 121.538771 38.947104
1000299 大庆万达广场 125.093973 46.59441
1104714 大同万达广场 113.339943 40.063527
1100806 德阳万达广场 104.414449 31.160023
1000985 东营万达广场 118.5418942746 37.4571589628
1105308 东营东城万达广场 118.692327 37.444341
1100071 山东德州万达广场 116.311611 37.429248
1000547 抚顺万达广场 123.905066 41.867096
1000706 佛山南海万达广场 113.157538 23.063287
1102112 佛山三水万达广场 112.904007 23.177864
1103798 金沙洲万达广场 113.196949 23.140714
1105311 阜新万达广场 121.647838 42.033125
1001006 阜阳颍州万达广场 115.820437 32.872205
1102956 阜阳颍泉万达广场 115.816149 32.933709
1000268 福州仓山万达广场 119.273922 26.035605
1000272 福州金融街万达广场 119.342065 26.050599
1000768 福州福清万达广场 119.349994 25.715102
1103483 抚州万达广场 116.34717 27.95692
1100065 桂林高新万达广场 110.320092 25.242088
1105049 桂林叠彩万达广场 110.319321 25.315242
1000864 四川广元万达广场 105.877817 32.424436
1105295 贵阳观山湖万达广场 106.610432 26.634085
1000280 广州白云万达广场 113.266379 23.172775
1000503 广州番禺万达广场 113.349076 23.007319
1000643 广州增城万达广场 113.813654 23.277757
1000904 广州萝岗万达广场 113.466258 23.167464
1001015 广州南沙万达广场 113.536556 22.792743
1000270 淮安万达广场 119.0457960095 33.6003611418
1105317 淮北万达广场 116.821655 33.963259
1105292 鹤壁万达广场 114.297689 35.711491
1000297 哈尔滨香坊万达广场 126.679176 45.740478
1000583 哈尔滨哈西万达广场 126.586067 45.699866
1103931 哈尔滨万达茂 126.510359 45.804736
1000110 合肥包河万达广场 117.302781 31.857686
1000363 合肥天鹅湖万达广场 117.221012 31.820338
1100801 合肥瑶海万达广场 117.349699 31.877049
1100881 合肥万达茂 117.305518 31.705008
1105329 巢湖万达广场 117.884033 31.607276
1105300 黄冈万达广场 114.904156 30.460195
1000303 呼和浩特万达广场 111.734362 40.835739
1104483 回民区万达广场 111.610461 40.832921
1102310 海口秀英万达广场 110.280077 19.979834
1000645 满洲里万达广场 117.429053 49.599389
1105318 淮南万达广场 117.039586 32.653535
1000887 湖北黄石万达广场 115.059813 30.243498
1104600 衡阳万达广场 112.591386 26.882664
1105331 菏泽万达广场 115.474037 35.225676
1000770 杭州拱墅万达广场 120.120149 30.330695
1102223 湖州万达广场 120.141669 30.860219
1105025 惠州大亚湾万达广场 114.479938 22.755303
1000685 金华万达广场 119.677188 29.090199
1100794 义乌万达广场 120.044753 29.276835
1103484 九江万达广场 116.013635 29.693371
1104727 吉林昌邑万达广场 126.568043 43.862275
1100649 荆门万达广场 112.188361 30.980881
1000767 江门万达广场 113.084931 22.61544
1105307 江门新会万达广场 113.05208 22.496806
1001007 佳木斯万达广场 130.333819 46.792474
1000664 济宁万达广场 116.605039 35.408189
1000263 济南魏家庄万达广场 117.00087 36.662106
1100630 济南高新万达广场 117.128165 36.6859
1104944 酒泉万达广场 98.48674 39.73336
1000884 浙江嘉兴万达广场 120.803926 30.735737
1105303 嘉兴经开万达广场 120.720207 30.751445
1100573 鸡西万达广场 130.986187 45.305777
1104573 晋中万达广场 112.73865 37.718562
1104581 锦州万达广场 121.125296 41.089982
1104024 焦作万达广场 113.239132 35.204437
1000764 荆州万达广场 112.224746 30.339207
1105314 开封万达广场 114.2727 34.802484
1000744 昆明西山万达广场 102.710049 25.007893
1102348 六安万达广场 116.505881 31.763058
1000282 廊坊万达广场 116.706772 39.522118
1105208 六盘水万达广场 104.858641 26.574945
1100807 乐山万达广场 103.7370454892 29.6192779898
1101154 连云港万达广场 119.214598 34.616812
1000300 洛阳万达广场 112.408506 34.654713
1104498 辽阳万达广场 123.210442 41.258902
1000766 龙岩万达广场 117.021877 25.05585
1000765 兰州万达广场 103.863227 36.063652
1105312 泸州万达广场 105.420223 28.911477
1001012 柳州城中万达广场 109.441832 24.329698
1102469 柳州柳南万达广场 109.39244 24.28835
1000708 马鞍山万达广场 118.50533 31.658213
1100698 牡丹江万达广场 129.602431 44.570555
1105322 眉山万达广场 103.834159 30.063254
1000394 绵阳万达广场 104.7202610118 31.4534908674
1100808 梅州万达广场 116.135731 24.270571
1000109 宁波鄞州万达广场 121.54353 29.82569
1000264 宁波江北万达广场 121.531389 29.915135
1000543 宁波余姚万达广场 121.133616 30.027086
1105304 宁波奉化万达广场 121.421137 29.664536
1000384 南昌市红谷滩万达广场 115.85183 28.694707
1100584 南昌万达茂 115.790503 28.579734
1102851 八一万达广场 115.904081 28.676194
1103389 南昌市西湖万达广场 115.85839 28.633194
1105332 南昌青山湖万达广场 115.957707 28.644322
1000389 宁德万达广场 119.539958 26.651886
1000886 四川内江万达广场 105.042684 29.604489
1000289 南京建邺万达广场 118.737655 32.032519
1000626 南京江宁万达广场 118.843537 31.951744
1105305 南京万达茂 118.985965 32.122062
1105326 南京溧水万达广场 119.044331 31.659977
1000771 南宁青秀万达广场 108.370131 22.830522
1000944 南宁安吉万达广场 108.292994 22.869998
1103404 南宁万达茂 108.432599 22.768052
1103405 南宁江南万达广场 108.312704 22.789445
1105302 南平万达广场 118.105591 27.351068
1001014 南通万达广场 120.834283 32.03631
1105204 南通通州万达广场 121.090896 32.065082
1105021 平顶山万达广场 113.329242 33.734084
1100803 盘锦万达广场 122.06283 41.198096
1000393 莆田万达广场 118.997717 25.419431
1104495 贵州丹寨万达小镇 107.806196 26.198285
1000271 青岛CBD万达广场 120.379057 36.088247
1000396 青岛李沧万达广场 120.434311 36.167318
1104777 青岛东方影都万达茂 120.101044 35.904972
1104893 曲靖万达广场 103.75769 25.517542
1000906 齐齐哈尔万达广场 123.950386 47.367267
1101241 清远万达广场 113.012624 23.714403
1105202 衢州万达广场 118.87886 28.926691
1000390 泉州晋江万达广场 118.574308 24.817834
1000391 泉州万达广场 118.5985 24.882961
1105330 绥化万达广场 126.960982 46.644847
1000107 上海五角场万达广场 121.51362 31.301297
1000108 上海江桥万达广场 121.323709 31.239663
1000274 上海周浦万达广场 121.568518 31.114734
1000343 上海宝山万达广场 121.4471650454 31.3237225056
1000663 上海松江万达广场 121.24177 31.057929
1000905 上海金山万达广场 121.33549 30.754482
1105128 上海颛桥万达广场 121.406097 31.070945
1105327 上海嘉定中信泰富万达广场 121.254588 31.330738
1000269 石家庄裕华万达广场 114.544975 38.023957
1102566 三明万达广场 117.661763 26.283595
1100844 三门峡万达广场 111.188619 34.784329
1100899 四川遂宁万达广场 105.595937 30.530552
1100746 四平万达广场 124.391093629 43.1580688746
1105293 商丘万达广场 115.66127 34.390145
1102213 上饶万达广场 117.95721 28.443499
1000295 绍兴柯桥万达广场 120.511052 30.092288
1101032 上虞万达广场 120.838924 30.055257
1104137 诸暨万达广场 120.277778 29.717811
1100744 十堰万达广场 110.8101212549 32.6629676841
1000266 沈阳铁西万达广场 123.359367 41.781558
1000277 沈阳太原街万达广场 123.398165 41.790627
1000392 沈阳北一路万达广场 123.381552 41.813787
1000544 沈阳奥体万达广场 123.458069 41.735456
1000296 苏州平江万达广场 120.614679 31.341158
1000395 苏州太仓万达广场 121.139142 31.460137
1001013 苏州吴中万达广场 120.607034 31.253408
1104121 苏州昆山万达广场 120.99278 31.41503
1104496 苏州常熟万达广场 120.732167 31.685362
1101265 宿州万达广场 116.9487 33.652804
1105306 石嘴山万达广场 106.371111 39.010321
1001004 山东泰安万达广场 117.087546 36.178521
1000275 天津河东万达广场 117.256355 39.123613
1104834 天津滨海万达广场 117.661003 38.986701
1104882 铜陵万达广场 117.828747 30.944194
1100789 通辽万达广场 122.280836 43.630443
1000323 唐山路南万达广场 118.18907 39.624687
1100068 太原万达广场 112.5603042089 37.8822851312
1000273 泰州万达广场 119.916867 32.471612
1100650 台州万达广场 121.417027 28.635932
1000646 潍坊万达广场 119.129405 36.718264
1105336 潍坊寿光万达广场 118.772793 36.872243
1000387 芜湖镜湖万达广场 118.399075 31.337319
1100754 乌海万达广场 106.822034 39.660077
1000286 武汉中央文化旅游区汉街 114.342950785 30.5556565912
1000292 武汉菱角湖万达广场 114.268917 30.610511
1000301 武汉经开万达广场 114.173331 30.50614
1000483 武汉汉街万达广场 114.3383084226 30.5563245118
1100793 乌鲁木齐万达广场 87.517732 43.838711
1105250 乌鲁木齐德汇万达广场 87.58694 43.78799
1105297 乌鲁木齐高新万达广场 87.571759 43.904452
1000984 陕西渭南万达广场 109.453553 34.505413
1105319 武威万达广场 102.629316 37.909087
1000288 无锡滨湖万达广场 120.267069 31.56193
1000386 无锡江阴万达广场 120.242365 31.898762
1000523 宜兴万达广场 119.8511542931 31.363749813
1000524 无锡惠山万达广场 120.299164 31.675665
1000385 温州龙湾万达广场 120.812546 27.919498
1000769 温州平阳万达广场 120.572333 27.58694
1105296 吴忠万达广场 106.193377 37.994801
1000290 西安民乐园万达广场 108.964123 34.268174
1000293 西安碑林区万达广场 108.962284 34.243367
1000603 西安大明宫万达广场 108.9730395964 34.3153646999
1105017 西安高新万达广场 108.890362 34.213745
1105301 宣城万达广场 118.739041 30.936087
1105323 许昌万达广场 113.856816 34.031259
1000267 厦门湖里万达广场 118.177332 24.503671
1000546 厦门集美万达广场 118.09259 24.572635
1100791 西宁万达广场 101.714132 36.639335
1000964 西双版纳万达广场 100.76436 22.01362
1100626 湘潭万达广场 112.94018 27.827203
1105337 邢台万达广场 114.514686 37.084435
1105201 新乡万达广场 113.925512 35.31854
1102437 咸阳丽彩万达广场 108.69104 34.34235
1000281 襄阳万达广场 112.1331328452 32.0625567251
1000624 徐州万达广场 117.24635 34.253085
1100901 徐州铜山万达广场 117.188214 34.192031
1105283 陕西延安万达广场 109.489369 36.598525
1104468 雅安万达广场 103.039779 30.01032
1100802 延吉万达广场 129.4580313474 42.9009801802
1000298 宜昌万达广场 111.308176 30.680362
1100900 宜春万达广场 114.418796 27.809902
1104112 盐城万达广场 120.127001 33.359784
1000283 银川金凤万达广场 106.247782 38.48679
1000704 银川西夏万达广场 106.149685 38.492217
1000885 营口万达广场 122.235869 40.664792
1101064 鲅鱼圈万达广场 122.147549 40.241237
1000773 烟台芝罘万达广场 121.394739 37.536379
1102215 烟台开发区万达广场 121.254876 37.5471
1103268 益阳万达广场 112.37431 28.56505
1105176 扬州万达广场 119.400711 32.369396
1000278 镇江万达广场 119.436669 32.196379
1100619 湛江万达广场 110.403742 21.24861
1100718 资阳万达广场 104.6186236346 30.1273657499
1000397 漳州万达广场 117.677231 24.49641
1100810 漳州台商万达广场 117.8898496317 24.5015455221
1103878 枣庄万达广场 117.266705 34.793556
1000287 郑州中原万达广场 113.602565 34.747056
1000388 郑州二七万达广场 113.64443 34.723363
1100845 郑州惠济万达广场 113.636689 34.867841
1000907 安阳万达广场 114.389852 36.087275
1000623 蚌埠万达广场 117.360428 32.91953
1103406 北海万达广场 109.143777 21.431806
1000265 北京石景山万达广场 116.225836 39.906344
1000772 北京通州万达广场 116.642608 39.905733
1102588 北京丰台万达广场 116.298953 39.8242
1102649 北京槐房万达广场 116.367964 39.814087
1105286 北京怀柔万达广场 116.629761 40.317771
1105287 北京西铁营万达广场 116.355744 39.860809
1105288 北京CBD万达广场 116.473031 39.911104
1000302 包头万达广场 109.853046 40.658813
1105294 包头九原万达广场 109.961241 40.610674