15144221084
13438306516
18215641369
13408451619
18246785457
15228945672
15228946667
18200499692
18224010818
18200543992
15228842865
13945973417
13894245763
18224029587
15208476922
15208481873
18349378011
18224025208
15208467738
15208345956
13943530545
18200418053
18200445917
15228947308
18224013613
15208479386
18224000831
13282064252
18200469677
18380144323
18383849847
15208482271
15228949886
18843218214
15228946636
18782289794
13944241703
15208486825
18483630187
15144251803
18482027982
18200469950
13402491954
18328546355
18200476983
18380149056
18224007220
15208486913
15208476023
18224013671
13216276467
13483124609
18380143332
18200481356
13282064384
18482388398
