18780695249
14556635945
15845823945
18380437995
15144399274
18383844318
18333417147
18380641764
19831347738
18308449681
13483102923
15883671480
18402859403
15183685141
18328587419
18246935483
13205707064
15972807041
13438065530
13766143408
15082529504
18224451202
18382539144
18349397631
18728546774
15302813292
13170833582
15579446091
13408402064
13628100124
15883645471
18383861345
18380447079
13408528485
15183832541
15828211374
13483125364
15183822493
18224072371
18349347506
13936743502
15202842235
15881474064
15984906214
13844599469
13483685033
13402874432
18349344325
18227640176
15928492573
18383834826
18383838874
18349128760
15183832764
13483123436
15281383427
13620738554
13282054119
15202849560
17137567614
15243289746
18249694276
13408144287
13483116100
14556637229
18224027016
13483168548
15183680324
18308432342
14556631138
13483137030
13943577364
15828424594
18380140068
18380458743
18345411390
18328504223
17137569740
13456757432
18349321360
18200249239
18224050831
17137567495
18380455038
18349320326
18224472589
15071704686
15926740795
15928845825
15926765980
13438903573
18272143554
17137568114
18272146935
18200451809
18782111274
18272454974
18200447326
18380446527
18200462108
13451499707
18280574462
18349347994
18302842863
18338965201
13261822174
13261865345
13658172344
18283832784
13438846651
15928456138
15183822584
15708901171
18349395379
15208249997
15708975346
15183675749
14556475370
18380642477
15731339833
15928432035
13604457024
18200478081
13262356740
13707253146
18349390365
18771616430
18380646941
17195350133
18380454042
13766145904
18280495819
18380141291
18224028365
15731368974
15198246970
15982412638
18331333732
18230039846
17137566544
18849339410
13483421290
18224085215
13843511724
13843586014
18280592468
15114098257
15873894615
18374130522
13408432933
18200408153
18308416419
18280498951
18383846004
18280598548
18349327801
18380409102
18308415843
18349108751
15884530744
18349319626
18781048247
19831349135
18843269204
13438344227
13456829514
15208343092
15183699184
15114092055
18349320048
14708019317
18408236223
18202840576
18380133341
15579560648
15579844629
15679294076
18380116405
19831352815
18224000652
18224488010
15182588514
18349349114
13628104442
18728573264
18331378513
18200146063
15700415183
15208447681
15982145703
13618102547
18224012318
18280544557
18280576044
18380436246
18408208520
15982418187
18408209813
18782034257
15183869384
15183877043
15282867847
13438899120
15845947431
15883641348
18380405513
13483174646
18380141353
18200486323
18349340880
18345409940
15828418535
13463868493
15892484066
15984919134
15883671984
13463855214
13547395951
15281306174
18728043401
17195350537
13282096749
18443238304
18200437662
18349313874
18383845465
13904899415
13408493092
13483196940
18244340443
18272459762
15760084823
15760092942
18783849384
15775900405
13408649592
18224005338
18349344791
13261823604
18224069810
18224062287
13408023417
18380400873
14556633396
18349311286
17137569740
18224460731
18380117745
18200469712
13894518417
17137566745
17137568040
13285701734
13438820710
17195350132
13463954543
18408207592
15183836948
18408208689
15928416703
13463964830
13438479484
13438377626
13251081344
18280580415
15731365965
17137569984
15183824046
18331335116
15982451828
15828658804
13483169036
15700426940
18349344436
18780674593
13843534774
18349344853
14556639416
15043505425
13438304431
15982401079
15844505564
18380454042
18380137440
18349316247
13184671218
13221725492
13944598476
18383844054
13282054360
13184671208
13184671175
15183819545
13184671062
18404350460
13177569501
15579551334
15579529849
15579550804
15579551324
15579551164
15579551143
18224452060
13674416694
18444093145
15144384253
13133951470
15143504676
15700413324
19831348012
15700413301
18745993745
15196640753
18383840465
18349351299
14556640054
19831345574
15271550448
15124384603
13133953356
15981293464
18308430543
15579529924
15579552451
19831347851
15579550449
15579529914
13170833695
18333416915
13177564691
13177729394
13177954840
13463894736
13170950696
15579550458
15579551473
15570219271
15183672145
18245742945
15570327647
15570327854
15570345840
15579093430
15579551457
13438140221
13400217694
15579447653
18846671497
15719442408
13483101498
17195350537
13618108140
19831352819
13175749406
14702852135
15883644848
13618101405
15579528582
15579528579
15579842574
15579528661
15579528673
13483147284
13995948345
15579528763
15579528701
15579528768
15579528628
15579528682
18200416295
18200447069
18224096079
15579528570
15183884545
15282878408
15570388804
13689628842
18782412413
13483184057
18224486397
13221722491
15984937147
15982492560
15948427864
18744289441
15570327940
18349320268
13658156542
18345915946
15883444538
18280501594
15928745558
13456709961
13409934608
18308421468
13593673834
15884276942
14552605523
18200540071
18380149896
13438190657
18308416246
18224055606
18380415646
18383847348
13550641766
18272134332
15579833641
18272146867
18272144751
18380114245
13438198317
18408214265
18772390243
13629087417
15760098643
18380143765
13126759942
14702851664
13458997834
13262363434
15208487058
13216412305
15183818349
18402883203
13451496545
18328543425
18337335514
15982478361
18349186494
19831308541
18349351914
13624354481
13894583294
15044505439
18308431648
18346697645
18200405535
13438810867
15214612953
18408205767
18404354481
13438856042
15982948472
18280540487
18380647734
18200247377
18200428116
15570323412
18814881041
15579200149
15579206254
19831346974
14552615773
15579447716
15579447659
18383849484
15579091403
15579094669
15570324965
15570324307
15579561040
13216415571
18383860374
15700408514
18282517314
13175715463
15183874146
13451490492
18224453217
13282086264
18280558834
15579514317
18380194289
18345964496
18334387742
13116842940
15282887493
18380157604
18458234048
13403217941
13438129021
14556649113
14556633507
15183679714
15579514348
15981123614
15928416023
15928435593
15145970148
15579224170
14556643503
18272458203
13257022981
14556650121
14556646569
13845927494
18224048660
18380440823
18408208715
18349399248
14556631047
15708905711
13936739741
15706575213
13408494104
14556470537
15570249563
15760053249
15679248057
15760056469
13547043794
15760080642
18383845340
15760084092
15928469930
13074654485
18782432033
18349318010
18380443387
18380401314
15760098421
15729874052
15760077422
18380138514
19831357010
18200401118
13463952621
18408205767
18224448900
18200463537
18200485662
18224457617
18380104689
13931325365
13251086954
18331367114
18349186894
18380446908
18380149521
18782256109
13630751341
13177711770
15507922653
13550608644
18380414354
13282064769
18783128491
13438103507
13766192495
15700414341
18349380046
18202840708
15884274478
15883678424
