18790873048
15834565434
13833317417
13451495739
18200403607
18124651012
18408221277
15282878042
15883431249
13508262804
18481916503
17136397514
18780146522
18743554048
13628079243
15043557745
18708118843
13689887374
13463810219
15083074517
13116843434
15982466893
19831359346
13454485215
17137528424
13795929743
13486392523
15981608149
17150816740
13269769641
15754435192
18349389871
13216016341
18474684130
18200483675
13463899394
18349381037
15982145686
13269790204
15928540807
15982849756
18702898149
19831352725
13787656134
18783124482
15825512024
13463994959
15202848057
13943282894
15883625514
15143251728
15196320456
13404063442
13894588241
15804358441
13904457942
15708908711
18383834283
15924109246
18458244324
18245995473
15008343403
15843295963
18200451973
13843594184
13419047594
18483641844
15843246223
13843538104
18380415676
15881470420
15883433654
13483191890
15984929848
17005271514
18284344841
13185874696
15665703554
18444034025
13438831064
18783103843
15144280343
18482393995
13165858164
13483199273
13483158343
18743284219
13596242145
18343559749
13458499745
13438141376
13451499498
18702891678
15183821274
13488951775
15708437937
15892480481
13845900845
