13463889758
13064551674
13282054172
13256707862
18380435649
13785327304
15828205042
13039873361
18200487839
13159816981
17030611590
15636986970
17030611591
15636987062
18283839341
13408693694
15708970944
18408234946
13142594903
13438870298
13115846064
14556649532
13291771040
14556641632
13487032760
14556643219
15071703964
14556642587
15926737244
14556644211
18271544878
14556631358
18272144258
17150816486
13206817528
18408223241
15706578416
18349347437
13216417118
15708977270
13065128441
13157717542
15570219508
15283865114
15271620448
15570206215
15874641924
15570205869
15971404855
15570219893
13438312941
15570210973
18272459658
13251087476
13403316625
15570219780
14728933539
15579220224
18773852942
13403217241
15183811416
13483147460
13057767764
13057975431
15928482272
18380149507
15928849786
13116841401
18408202484
14556466756
13175601594
13184400930
18728044400
18224470610
15828405981
13216411736
13483166801
13216415531
13241613917
13400317097
18345964195
13269737834
13269754164
18383845466
13274657327
13282064132
18708143895
13282067421
13251086408
18408219310
18227140234
17137927514
13282074223
13004718164
15579585941
17137927694
15706595623
18280534968
15707136629
13628079640
13483153275
13285704450
15707188540
15982842661
13438908374
15708904179
14556649122
18328526460
18349350457
17137928142
15928490301
13123978914
13157758347
13890884290
18380423678
18474761552
13487037479
13483121446
15183824548
13581268548
13986534298
15071661947
15926702127
15883807144
15884274889
18383846994
18280243623
14556648318
18272124367
13438183504
15183823746
18272140973
13251087849
13408495318
15104356438
18349387530
17137927047
13451489791
13208448323
15114062639
15071714502
18349309041
15972845624
18272455429
13438452018
18772558482
15114099357
13241673732
18346608342
18349304451
13409954520
18224016716
13251083452
13438922490
18383837243
15886287424
18349381986
15981154765
18380411973
13403212654
13282054394
15183689404
18227196834
15183687754
15902840697
13282064548
18380404110
18781927640
18380411947
18349381079
18349390853
13458513158
15928547331
18482289472
15928648026
14556643768
15183684943
15828494893
13282080974
15834554758
15246084219
15982842510
13175720264
15828423648
17154909036
13689622804
18383851485
18380141264
18224028829
13282075421
18380134407
13282078407
15928945303
14556471094
18380124291
15928470830
15982840773
18349184503
18345914492
18380404212
18380404131
15708988248
18380414203
15828494389
18782285659
13185874839
