14556469649
18390538734
13221729421
15237386371
15993058202
18333407171
13408645330
13833325611
18830346114
15703136486
18345575481
15294669389
13483429303
13408644193
13408651268
13408645624
13408653564
18745946856
18280476895
18237252773
18380194613
18238551629
18240603965
18381886157
18384826316
15183816654
18398896589
15143857584
17192127248
13658177374
13438063319
15708484350
13438166424
13282069364
13936901407
13438896022
18782033247
18443808735
13547393360
13936794348
13558903848
13285705148
13894537420
15708487346
18381497319
18339527701
15883625646
15719453012
18381865342
18381937861
18481904279
14556469007
15884275244
18781952780
18481912513
18345548279
18481946760
13057984479
13074629924
13276876974
18780694220
18783124377
18380114294
18782035701
18783124975
13438484010
18383806864
13216413835
13981075748
13936724671
18782019121
15708473609
13282081462
13438183839
15707888332
15708900723
18780019120
15708902816
13483665441
15708456157
13438166478
13483174518
13438186725
18782257335
18702804458
18383844170
15708904426
13282094201
18224091711
15928042567
15708909739
18118797607
14556641966
15737310907
18338998342
14556475379
15708495483
13463801945
13663071202
18380454665
18781988264
13408566952
15836379704
18381990816
15183827417
13419047025
18380417520
18482314211
18304597240
18384895256
18458247431
18443808146
14556475091
18381492475
18383860645
14556632363
13936749452
15146350443
18384880375
18702811342
18482307699
18481907830
