18772504569
15044603320
15124447245
18443238064
13766188984
18783166334
13458495701
18783171854
13220135841
13438110185
13282064337
13269039499
13269726348
13269779064
18302848296
18746674516
18383844349
18224079070
14556640956
18272458441
13904896467
13451492935
15982463269
18122052356
15883659144
15183893425
18200426970
13550656419
15731357445
13483155355
18333350964
19831327141
19831358260
13843585452
13409923285
15982497886
13463801948
13408432379
18408212704
13618105412
13697142110
18383845841
13295708413
14556640799
14556632086
18482373872
13995906935
15071669720
15071707509
13804647427
17057914637
15928411905
17007267109
15926708221
15926754244
15926760270
15972854248
18272143939
18781049184
18308430542
17057919465
15114351460
13221723475
15044550574
18846671214
18272147159
18349319614
18246846725
18246843519
18308432641
15844583274
18272450069
15144583834
15045972482
18772440468
15004359438
15183683482
14556632724
15114300496
18224079651
13618104347
13550663244
15103731260
13456753240
15025142801
13483697811
17137928148
18345990734
18380136491
15947940903
15948474319
15775905480
18380147832
17057914658
18483165169
15928745637
15928742268
18783167348
13438373454
13282078674
15144554362
13126764675
18245940853
13261872425
13261874932
13269024988
13269064134
13269703143
13483668020
13932309016
18232307044
18232307274
13658172145
13766148294
18224097011
18331313005
18849339015
18849339567
13836872646
19831326545
19831358308
19831358354
18782275838
18224088153
17135686431
17135684744
18224430751
15892480348
13483696385
18224097589
13635855737
18224401090
18224412161
15144582340
18224097835
13871983673
15171603940
15731342128
15972814874
18224088367
13614650495
18224093929
18272134258
15143553541
13282096403
18272146816
18224095765
18272154728
17150805859
13658176864
18224420929
18272458742
18280245327
18224417277
18349387117
18224437121
18224421357
15844584429
18280243601
18272456672
18224422392
13454487742
18334306915
18458166331
15071686903
18272454878
17154905732
18272455660
15183676984
18783844424
13461479558
18224099635
13694609342
15283871490
18224410702
15883667242
18224420392
15982944074
17057914657
18224417892
18224410331
18246924089
17057914723
18224031781
15143558634
18224081071
18782425769
18331303437
18331360730
18333406373
13438313237
13614652452
18224087601
13894589476
13282094839
13438155209
18282559974
18782518840
15287142373
18308449372
18383840542
15287107563
18481891521
17329517185
17329510354
15087094351
15731342474
18331340904
18333408604
13704899482
15144583204
13483130769
18380447688
13438375036
13408644165
18408207531
18281093496
18383840495
18783113400
15183838049
18428081511
13409979279
13251084061
13463976664
15883678442
13285704121
18224098326
13403219884
13282053134
14556470103
18772422103
18349150872
15283668414
15700417305
18383844246
15183688143
13285703641
18783175431
15982490937
18783175914
18383846400
15982469950
15911720455
13261802745
13269094067
15025182563
13269794049
13451489127
13463895925
15708972776
15708978779
13116842094
13408583731
18227146435
15982468968
15834554157
18232321383
18333356864
18224042911
18333403600
15044504806
15363406263
15928848126
13476770175
17150805882
13487069322
13635871801
18383847747
13636018449
18200451368
14556649063
13995949313
15071699563
18349156960
15072721453
18349170053
15072725317
15183687724
13282084093
15902849633
13689629547
18224042697
18200462807
18845902245
17057914656
15072777435
15926736454
15926756349
18200245706
18200411057
15997347167
18302846719
18782248017
18272124447
18200491715
18272147562
18272457303
18272459189
15884274878
18371374921
18224070229
18772384521
15146372463
18772501407
18782278834
13486397814
15883427499
18349185605
13251084984
18272144595
18200402731
18224068262
13451485965
18224440171
15198049209
18224059069
15044553468
13461474761
15183863847
18200481381
18380149786
15183896415
15282877467
18200433701
18200401680
18428080203
18280483116
18200433501
15982415220
18224063933
18745924809
15883420324
14556631242
15883652394
15883667045
13463963405
15883667482
15883667804
13766144293
18383828548
15982942497
15984906421
18443584496
13419016424
18308405406
18308411294
18383804466
15214612843
13483112814
18380649542
18349153372
13843598164
18374144328
15982426702
18728041742
13894548408
15902848677
13451475763
15700411532
18345409706
18728564990
13658168424
18200480532
18380139438
18200409031
18224057759
15902841977
14726504891
15845921174
18482248938
18280543413
18302843985
18280401562
18331305724
18384844812
18308431524
18380149337
13438154702
18230383403
18232309216
18232305743
18331378197
18333319834
18200423265
18849339347
19831354224
18708114490
18349395705
15181124685
18381875157
18280574904
18384863915
15703132846
18380404772
15731329765
15731333054
18280499769
13483697571
13216270476
15732310991
18331329161
18783843742
18331329207
18331338821
18200462201
13704353274
13630759794
13843571410
18331342547
18200346627
18782439901
13463997595
13483696750
13483155744
13483193809
13483671565
18773864650
15928149320
13784540867
13500959394
19831353820
19831356051
13438189306
18380435450
18443808279
13400113140
15287157947
15196344048
15892480264
15246143087
13205702744
15082520544
15196914172
18282524367
18380641214
13463811202
13282076435
15025158553
15287136623
13636089355
15208346558
18728046436
13173059289
13255416194
18349322082
17150818469
15947947304
18380641468
13664354383
15943588451
15981125494
15700426410
15928403962
13408485014
15700426824
18482341769
18783100241
18380194617
15928415361
18383840043
15707888944
15708907614
15708972612
18380140479
13986557996
18349318560
18380345185
13403212632
15183198914
15283666824
18783154130
18783170483
15087192856
18345541549
18380644941
13126719740
13126758794
15045878864
13943590441
13126774986
15928467385
13483162494
13836762471
13269056114
13269719204
18280556493
18331387279
13614651440
15044550641
17150818543
13936708742
14556643145
13483110559
13931311421
13438382105
18333356654
17162766814
19831344791
14556649172
18200421812
18308415548
13409967224
14556473568
15183684148
13487040799
15982946438
13438893114
14556467597
13657133642
13483188329
13697141797
14556639840
13216411463
15145995493
13438479012
18349110659
18308415544
15271618458
15183816419
15776166534
15926772285
18380194514
15982480677
18271544798
18271565498
18349102639
18272143672
13458981542
18402856376
18224043051
18272144385
18272149307
18272154091
18272154137
15828204272
18272450032
13458555854
18272457392
15883636384
18200425851
13486399007
15825524077
18308419684
18458341851
18380144491
13483148234
15700415347
13476664924
18272452677
18772447952
13658175436
18308434524
13451476787
13943405304
13116841764
18380644780
17150815450
13658104554
13766199274
18846670475
15897384219
18280577984
15183883854
15183892847
15282865849
15883679694
13843535442
13463973549
13628075944
15881474199
15143558945
15883417469
15883640914
15883844864
18200249298
17085403225
15883658440
15883668468
13550654732
18308400941
18200423602
18380644854
13285708694
18308410417
13438835371
13282082154
17150818472
18308415040
18308413614
18349319670
18200428853
18383808994
13487044264
18380144219
13216279445
15707866028
15708900729
15708974421
18380197498
18380446122
18380455765
18328549120
18380446326
13647464844
15902846015
15846938146
18349311547
14556635093
18200462686
15982146612
18402896181
18772500522
18783132479
15700418674
18728049947
18783164196
13126592864
13282084161
15708446822
18380458274
15884253474
18380148813
18380415112
13220184740
18349382060
13408066603
18328504139
15928415277
18349343561
13261899495
13550611429
13402484304
13628073414
18349321918
18349348572
18380435167
13438845144
13677131099
15071700955
15246115374
15072872414
17085405315
18200470387
15926768850
18224039660
18380458426
15926784214
18408207927
14556647113
18249664143
18215647667
18280346908
13458538205
15202849562
18383838534
18380457794
18200472287
18380118054
18272147620
18272154474
13165870424
13175668470
13291569564
15928498600
18380149831
18782272578
13291774195
18302842920
18215546313
18200411067
13419039474
18200457553
18349344183
15883652843
15928410336
15984906249
15984917174
15984949627
18308405004
13766144281
18308414733
18383808043
18380133471
18349342455
13419375044
18224067868
15181949293
15883649410
13402896258
15282894476
18302848397
18349351678
18349311448
18224442690
13932323574
18224439172
13804654589
18224439616
18384834740
18384837385
18224438618
15246115342
18224471860
13463878794
15928410962
18224445102
13936759949
18224442636
14556474868
13486398723
18224439715
15731344428
15731344635
13251083534
18224445763
15834566404
13698194242
18224439293
18224440201
18224441080
18783176409
18458347593
18228049076
18438520075
18384899216
18224472019
18438538636
13400319692
15025192648
18224466387
18224467871
15928847913
18349399321
18224455768
18224467192
18383844014
18224470168
18224469303
17060022439
18224461902
