13261374023
18781949209
15828214208
13117922808
18334375929
13177712026
13251084691
14702868515
13483119375
15928148922
18333416576
13408542740
18336425484
13026216564
18328547741
18380145854
13408516534
18380434421
18458185450
18383860453
17162767435
15884280409
13500955430
13944595714
18380435862
18224439863
18481945991
15731326196
18380434253
13795986504
18380434471
18380435196
18380436136
15926757748
15971403669
13483124017
18380435287
18380436063
18272147167
18380433697
13668300474
18380433572
18349380693
18428082593
18380434388
18345964097
15928541757
13126708184
18380641541
13157764785
15731331247
13170955676
13550655404
13184673819
13408643179
18708124997
18349390030
18281056734
13463892171
13221722564
18481919661
13216273449
13221726405
18380191324
15507921485
13282098714
15507923341
15507922349
18383848014
14556636534
14556632426
13216416647
15507923243
15507923464
18737305885
18224099981
17137523326
15700414865
18200438961
18702820196
19831358684
13658166574
18408207907
14556646935
18846646747
15183899604
18331315037
13451470129
18443584732
13235771534
18118776345
15281367545
14556635330
18384806029
18780679476
18780691574
18346648397
15947942413
14556638962
15981122604
17057914557
18232321319
