13250884856
13944241434
15944241784
18408275581
18843200134
17858425084
18458220395
15828184964
18246923042
13438267960
18343212161
13022646960
18783112645
18380406490
13451483097
18237208744
18783124973
18783134472
15982480268
15570326524
15928640883
13451498317
15928477030
18402862558
13142596463
15973867414
18408200609
18374273730
13581277579
13463865148
18443212262
13836757462
18123606562
13438308014
18383844162
13438562613
18200346671
13483698256
13451479072
17030611583
13105485514
18200543880
18444070921
18444077407
13185824169
18381940929
15928488591
18200145627
13844658314
15884525274
15988421342
15988427414
15988433486
17139326711
15928478571
18408220183
18200240255
15928940383
18349310617
18380447321
18444040216
13403314270
13022649748
13438804374
13408614944
15928489602
17030611585
18790756971
18780693447
18783123489
18783129469
17030611631
15928495178
15184419992
13400411920
13400314267
13487068532
15071685755
13184402443
13943284824
18771605549
13483122627
13438854341
13408031038
15982048197
15183881984
15045953140
15928419517
13419287992
15928487197
13419290913
15928461910
13844228694
13483165362
15982042600
13402499791
13463972157
15982040721
15144248414
15708999609
13408581173
15143868104
18402839990
18408214982
13483429161
18782121490
15214597142
18408217101
15928486256
18245807487
13844636284
15144584782
13936700540
18246923460
14702851715
15928463955
15928451935
18443234457
13438810821
19831355412
15928493176
15937274034
18780069475
15044580784
15044586074
13438144041
13438999648
15988453634
18458301504
13844224814
13943271094
13483105490
18246911047
13483189528
13944220994
13438195728
15944205084
15144219613
18380438875
18200472383
13133782069
18224025090
15507921741
15208346858
18200450670
15208345605
15579441575
15982410657
18224019987
13836874392
18200421035
15579516923
15228945290
18224045931
15579834208
18202842190
18224026135
18246946426
18679214273
13943281864
13216417163
18794889546
15208475795
13483686476
15182640793
18224016023
18380149839
18202847271
13483124471
15610463126
18224012919
18200450885
15948504384
18202847271
18200449275
13944211173
15228949665
18444066553
18224023213
18380145407
13456755546
15224036331
18215547316
18200460325
18202847170
15208343033
15844266843
18215545600
15208347903
13944237884
18444029569
18846646942
18215540396
13438806473
18783124986
18244341223
15892479241
15928432895
15754441930
18444005281
15208342907
13438899501
13456738480
18314899864
13469886499
13487040658
13487050709
13483113432
13483669901
18328527264
13636006851
15845947082
18343558314
18272140058
13483697449
