13943575143
18280241398
13483677731
13483422525
13175715438
18328518734
13408657924
15947928047
14556631007
13438806270
15164577146
13581273757
13836876142
18349338542
18224055523
13408640520
15124444169
14556642959
18444087782
14556637586
13402895288
13483197853
15183698458
15707111472
15707137531
15707174538
15982141607
18349396156
15948537143
15124443417
15124444061
13251087834
15902848079
13833345593
15143587847
13402486838
15884274741
15706575924
15706576821
15708999871
13132649581
18381014194
17150804398
13438185098
18383804207
13658172214
13463964715
14556640954
15948431947
14556468303
18380642401
17136397254
15044602718
15754489369
13282094672
15844283462
14556476139
15943257384
15981132174
13458495689
14556643127
15948534553
18380410517
13438886890
15283854614
15981128174
15928470106
15183684334
15183859841
18744557704
13704655640
18383803496
15706589824
13658166904
15707166480
15708902819
13836846649
