13091989547
13628103474
15124436573
13463810483
13618105404
13618108438
15143204458
15845946612
18280590647
13419029977
15714322426
15843252238
18444034117
18280597405
18281000314
13550637354
13483699638
15892480564
18281004489
13463965029
18280593164
13550655224
15765876845
17858411797
15884276649
13550653465
18458244253
15183825450
13628100794
18281004926
15828206924
15183822274
13483124227
18443556384
18443558684
18249687347
18280596405
13463992076
15228946132
13483661745
13451484294
15183698274
13944235214
13628102514
18345581416
17162764714
13483698706
13400119995
13282083438
13458990864
15183810043
15183698049
13403315155
13451474671
15183698430
13628076947
15183821914
15183820349
15183824045
15570345648
18280564743
15228848135
15282887462
14708017574
13628073648
13628072954
13463965902
18380145508
15208488873
17004757083
15928949380
13483117948
15828671754
15114096570
17150818940
13596296193
13451497330
18845918463
19831354511
18224032686
19831356627
13175748014
18380160407
13400316553
13843265194
18215542870
14726508434
18244345439
13270000084
15208489897
15143250379
18782219841
18443221839
18383834840
18402853418
18773802334
18202849335
18215540368
13463115467
18224035312
18224045230
15579218084
18202846276
13458198711
18200408556
13486143987
15124447304
13486392548
18202846209
15843261272
18200411709
18814878609
13403215187
15708947247
15843217643
18349399123
15228945751
15718999006
15828197284
18200465216
18200491383
13463803708
15124486703
15754445019
18384893290
15208342756
13408597969
18224082697
15703133974
18830345994
18830346178
13766181384
18380145926
18200477173
15044243483
18380450668
15928848711
15124326738
13943404936
15124402730
13628071454
13451477871
18280544973
13451474038
18280545437
18383838447
15928420506
18843288324
13402498515
15183872647
18281026046
18744275463
18383830342
15183880474
15183882245
15183871644
18444033601
18444039236
15183898314
13689887534
15183878458
13403310365
18444045768
15183895473
19831353006
15183876834
18281073429
15183893643
13483661405
15196347904
15183800874
18281018842
13844544408
15943548374
13408656806
18383833740
15883668416
15196336412
13483681216
15892477042
15892479804
13689623946
18224018356
15196323044
18383829450
13483185842
18383846430
13483176090
13400116397
13550632141
15883428453
15890799470
17004754165
18383829540
18380105524
18383804261
18349187391
13483104752
15579441806
13944214134
18283808342
15944218004
13844677604
18383801495
15884271694
18374138403
13644422152
13483685985
13269700034
13844656274
15947999479
15043264904
15825501342
13451498127
17858423548
15828655054
18443275598
18384843523
13106196461
15124400668
15144304178
18843554576
18349150781
13894535974
18349352025
18343211131
15988416437
15948660983
18224083252
18328549459
18443584694
15196442325
18773884221
13483140953
13261835942
13269769240
15706594929
15708909373
17004757460
18728495803
13458618541
15708966413
18728492297
13456752432
15824482901
15988415148
18324400097
13568321545
18281014450
18383804376
15196326884
15124378173
18227140043
13458990047
15884275749
15144306247
18281084159
15283589647
18227140534
18227140744
18443219239
15884276644
15884274942
15708944670
13547040842
15778988502
18790671062
18227141564
18227140604
13456700375
13486106197
18227142124
15884274470
15884275454
15884275045
15183823942
13458970403
13547041419
15884274641
13547045204
15884274837
18227142049
15754437359
13483422948
18333416250
19831358663
18443821632
18443826715
13547045244
18443828279
15884276194
13547046941
18328546419
18843833124
15825530451
13438156682
13689872664
15706597629
15707888136
15708906829
