18702806904
17329512905
13175676427
13216002994
15731349947
18782294342
13282084932
18782293201
18383846247
13408489360
14556473284
15703136054
18782441377
18317596861
18782295071
18317707330
14556635172
18328547708
18280429857
15700427482
13408424167
18200477296
13408501351
18308449454
13029694157
15736957342
15196337746
13628104405
18381009747
13451480142
18200429661
18336421965
18780114946
17150801401
18224078587
13057824744
13173518470
13262358224
14556475190
18245881412
13116840197
18200341129
13221708408
15114399460
15703136475
15114093313
15181096948
15887051490
15982842987
15143867624
15243019934
18211643267
18782230841
13936844685
18224016797
18780691748
18781940936
18782000745
15039968528
18303819707
15844503974
13483690840
15883657334
15984927714
18782403132
18782256591
18846648426
13635878036
13024741264
18402881685
18227140482
