15908148638
13620736294
15908141797
13408672109
13408635970
13408633604
13409969308
13483680569
13871959268
13408661439
13408622523
18772520692
18772526488
13408636880
18772536585
18384831565
17136399674
18384859395
13116841375
15908141279
13463850757
18224429105
18302843687
13483674497
13408430235
15700414167
17137527923
13986536967
18772475913
18224099232
18224413709
18200496516
18224420581
15284815207
18349394229
15700427553
18780678495
18328543746
13400215697
18224095516
13126584654
18227141346
18227148943
13126757844
18224088015
13451473654
13261822745
18224092130
18224403922
18224440630
18224089790
18224472163
18224091713
18224091106
18227649268
18224091160
18443806143
18224062083
15731327271
18224089580
15114302346
13946941946
13216412792
17004130920
15731339461
15883846314
18224091660
18383838147
15732310935
18331329910
13628074441
13440142871
18331341065
18331341318
14556473834
13844584436
15982049639
13620741604
18349380530
18328514543
15836140842
18200401690
18381802531
18123818477
15928846236
18224097118
18224095198
18381816837
13483148031
18381823806
13636082673
13986530062
18224089207
18245994735
15883424437
18308416417
13400215351
18224400579
18224099325
15926777908
18380194368
18271567441
18224099631
18380644784
13282082394
18224087638
13483162821
18771585003
13658168245
18782266263
18772544218
18224087871
13547413579
13216417280
18280546284
13894534021
15902843058
18224092172
15281310784
18224092679
18224092720
15281347308
18224089822
18280402775
15700412874
13216415386
18380198924
15846174816
18783120400
18224088716
18308417754
13126704686
18224088283
18224096725
13483666062
13126774399
18317374389
13261365684
13261809745
15883662694
18380435642
15982843079
13261853445
15143599428
15928041682
14556648134
13438353101
13261889049
13689628864
13269054676
13843589243
13269724091
13262386194
13221729481
13216411560
13845921486
13488942220
13836952482
13463893909
18383848164
18224455575
18228041873
18228043690
13456711285
14556633245
18345532794
13458628467
18246924262
15363683286
15700413774
18481955160
13451495664
18123766408
13483115109
18381944674
13126598498
13943595304
13126734198
18246935472
15834568934
13126757428
13251087748
13126764512
13261835646
13269084901
14556633854
13269736445
15196018944
18381323145
13458995124
13483698155
15700426884
13483663850
13486162627
13408651626
13483139526
13438855697
15883679374
13408646188
13936872943
15947917487
15731342541
15731324371
15731344611
13463850302
18331328459
18224095880
18331329310
18331329701
18331339016
18331340833
15183829415
18333410557
13408643943
13408624761
18782437742
18211629183
18783843794
18439208142
18280580344
13995944195
15071705807
15731356364
18224438289
13451495837
18782267280
18280559224
13403214417
18481901951
13408661253
18782259279
13408678346
15283855149
13126754244
13261369495
15183803024
13463995276
13282094153
13836732974
13269086340
13408664361
13438131978
13438140461
15700427610
13408671576
18280550043
13408659193
13408663121
18308418149
18782276867
18458243070
18224439307
18782249327
18227648589
18227649233
13936848724
14556474841
18482398955
18481908457
13658171264
18481946729
18236125397
13408432590
13261858564
13261866545
13269072491
13658162740
13487024907
13986560826
15928042050
15284849761
18437258836
15928041756
15700428297
15224050802
17858424825
18380141162
14556642020
13653725201
15282883142
13451481640
13483145578
18781049534
18349787877
18280495722
18782234785
13451481869
13463875122
18402884658
15004355440
18458341667
18443236624
18224403791
18380644782
18227642375
18782241463
18227646377
15703132314
18782240175
15731351704
18782205560
15948431845
18381898706
18782280335
15708468116
18398301340
18345962247
18481918737
18337317047
15884284840
13451474140
13438179697
18308419124
13261384257
17162764584
18200345010
13261894259
18481907812
13403315025
18782238187
13907258573
18245940156
13986530902
18782246436
18782270533
18728041498
18782296011
18383831004
18845995464
18782444015
18349703720
15004582649
18380194475
18444087647
18782275043
15731332591
18383849418
18782270083
15044553416
18782294975
15183803549
15143552884
18782272601
18331339462
18782296841
18331340727
18333410083
18782440531
13408671273
18308430450
13296894693
15183688604
14556641699
14556647225
14556649414
18317326758
18439206426
18200461186
13282054098
13216294142
18383803484
18782295724
18380109421
18380119495
13408647147
13408646192
15183861314
18200475255
15183871480
13408645564
13438171523
15183889489
15928543072
15884274541
15282867459
15282878453
15282880914
18224430092
13408562301
15883420413
13408072754
18200428011
18224416009
14556641537
13483180680
15243289880
13483148913
18783843417
15947944583
13451491161
15948427974
13408630520
18474678053
18380198846
18481949780
17060023440
13408631088
18383834345
18383848486
15114394759
13408641894
13408645725
13408626561
13126763249
13220154197
13408647990
18280577744
15928415902
18246914237
13261802482
18782257035
13295702046
13400313542
13483187931
13460832874
13451472626
13483426020
15284813758
13408099154
15284840346
13454116154
