18244343126
15202840612
13017802541
13057890184
18241498664
13157796641
13463876976
13438555157
18444028689
16678531347
13630647684
13944242794
15144221334
19831354534
19831359341
18780669477
18780678240
18780694064
13022649801
18383845604
15824476257
15825533245
15988435345
15708462948
18728040480
15143594876
13057747446
13057975146
18708152559
15570323246
18781929984
15243224842
13157736174
15243229309
18444008081
13483152743
13941491034
13282094172
18704320172
15143868284
15084298262
18443807981
13458962643
13483663876
15183864042
15183862340
15282880974
15883660409
13483185430
15984904109
15984904247
18380403865
13458581302
15984913654
18702864149
18380442852
13550601430
13408568380
15984926442
15984934952
15143269002
18244343232
13628104423
15087018082
18334330695
18444064914
15183894694
18743281551
15143215406
15883655704
18224056636
18474691961
15143279346
15183883242
15183879584
18283844601
15183892648
15363601038
18384874920
18384894976
15144253224
15708463356
18482303553
18398872651
15181000074
13689889564
15844268470
15883629431
15087162145
18438527181
19831355408
15087025693
13451495394
15877994161
13221722495
13392743844
15911674293
15144305215
15144304686
15114060232
15947976298
18787115229
15202846153
15947979426
18443295173
18843287713
13766142478
13644320724
18428086115
18200145502
15246147215
13704656542
18482322544
13483688629
13551466964
13551927424
13568182904
13568351264
18482371326
13648198294
15196335401
13017748028
13944212484
18783154193
13400317761
15884275245
18227140874
18227140943
15183691415
13904899407
15883426746
18404354117
15183874116
18383804636
13451490590
18845919416
18830345151
13261820142
15928846595
13261861542
17005274138
18408292117
13261870144
18283811741
18482389731
13269050146
13269081403
13269094145
15144254493
18482376846
15928548973
15928477895
13766144748
18482383196
15708947140
18782431718
15143552784
13438223097
18482382398
18482317297
18249664070
15708977201
15944271856
13845957413
18482318129
13024304271
13275146664
13438505728
15144271873
13116840274
18383844148
15045870427
15843589440
15183698409
15579527031
18383853846
13944275884
18843505946
13628104426
18280534454
18280574086
18308024328
18798922114
18245964893
17005277308
18780670648
18280534012
18780679549
18280564347
17137520958
18783103174
18783134132
19831352439
19831359270
13628102143
13568094661
17858415981
18843202464
13105705574
15183821242
13894204434
15183699134
15183816492
18482348187
13483168896
13248753451
13262334606
15844509314
13944583549
18349385668
18398870510
15183821043
18380434874
15754432308
15754437943
13251085848
18444008562
15183810754
15714421991
18443585364
17137699420
18443219685
13483157049
15904358747
13419021094
15282878304
15881473544
15881475453
15883416814
15834552942
15144559941
15883434041
15883645204
15246140875
15844585045
17137520959
15844582443
15883668457
15982940804
13678380414
15714355945
15982941402
15143591645
15982944024
15143581947
15984919747
15984929246
15834555240
15144582043
13894531354
15984949371
15844500147
15008345414
15196329143
18281076148
18728496101
15834562047
18281079943
15044242423
13944277713
15774308494
18308449393
15144589346
15804353043
13458498524
18874609141
15183868134
13282080446
18804329794
15843247412
15146366542
18482367863
15183889041
15947997752
18482349010
13216273745
13945984403
15283861124
13483669803
15282870944
13483153871
15982942644
15984905924
18308406496
18308413465
13483665061
18308413994
18383807419
18482373953
18458158553
18482372764
18482334967
15143216186
15143245258
13568203648
13483182994
13981078994
15197847419
15948640375
18381805246
15776166243
18224063126
13451472884
15183694412
13894700953
13105704625
18744554757
18383837408
18728494125
18830346157
18380466411
13944275183
15947960158
15804354719
13261856844
15183804704
13216418830
13269094714
15708909207
15183810474
15708975079
15183697430
15708975378
13550655254
18383801244
15182647587
15183698439
15183699074
15183697467
15183693419
18244341646
13483127717
13504767572
15183693674
15183808504
15844588469
15183691417
15754420802
13483135046
15662657449
13483422578
15183692435
13550657241
13944212794
13943297584
15754429841
18383860349
15183695402
18783113403
19831355883
13550654274
13486392780
18380641742
18402865765
15982459652
13408532301
13184267954
18248464810
13451489602
13185774845
13618101084
13255870749
13276779543
18804359468
15183805904
15843262551
15183801485
15183802049
15183692450
15181024224
15183871486
18702872136
18746677304
15183806834
15144264463
15183882641
15183808574
15183883423
15183884504
15183885493
15183803406
13402493771
13408495160
18245977470
15183890461
13402489030
13177567537
13804654356
13843594315
13668302542
15183891634
18302848567
18224065156
15183892048
15928943562
15883416463
15881475194
15883415704
18383855455
18224080802
18328046311
15883661413
15883652443
18281044195
15883662264
13483671821
15883667784
13438451735
15892483546
15982944202
13438090618
15984926342
13282094056
15984932046
18728427540
15570323064
18383843542
18308413413
13175711794
18308414471
13419281963
13698182334
18308414954
18383835540
15947996412
15928473127
18383809345
13438497041
15044584163
18738238909
13550630649
18349185589
18380463441
18383809874
18783844941
18408208695
13796995451
13689631964
13894722360
13894725419
15828671646
13285709451
15183802463
13944231631
18224086637
13463980676
18200470310
13438494851
15283870413
13438106329
15196326254
18402864554
18443210479
15183830241
18443214918
13483103060
18402863947
18383854799
13483676242
18224058160
15114302470
15143594493
18444071967
13438900018
15044249573
13438104903
18380148621
13402818351
15708249521
15144249354
18702833873
18380464128
18443807467
18349185691
18200408290
18349186465
15243275242
13844225484
18281088654
18281094795
18284377217
13463818823
13844659824
13408038804
18328525714
13483154736
18328537443
13463962352
13438171519
13451487152
18380407360
15183880408
18383802741
13943280514
18349382263
18349381672
18443582114
13483158213
18843224404
17162764702
13483178131
13483156053
18245884570
13400311460
18246912479
18349395216
15883622425
13483106209
15947999680
13734590476
13408068534
13483150769
13285709430
13483427827
13944279343
18383834196
15884287545
18224079310
18246840167
15928488801
15884290248
15183876914
13483134161
13451484190
15281454596
15181048274
18383803416
17004756198
15181044872
15883430194
15883421994
15281454027
15281453842
15243219326
15883668428
15892477847
13458497218
15984905412
15883625944
15883424341
15984906240
15984923421
18782240749
18308414402
15883423943
18281061904
15944229124
13944279474
15196327432
15883420734
15883421834
18443272145
13022648139
18349350642
13261394064
18782254036
15984910443
13550669734
15708906496
18383829433
