13269074462
13261834269
18380464007
13269713747
13261880430
18830345059
18830345128
13221726413
13623902518
15736924432
17057919054
13438515779
13547384715
15284807268
17030610713
14552623992
15183898340
18380645745
18280579049
14552618259
13261883438
18383860498
13689886684
18200463711
13269063440
13285703041
18200438510
18782438353
13269706934
13269729543
18843585435
18383861143
13269735431
18200458769
18782442131
13269773174
13483193875
13269798474
13550656440
18200447529
18200433913
18328547650
18200348827
18343557764
18349344792
13618104540
18381829175
18782430321
18782429587
15183691954
18782430592
15183824204
18280533164
18200481180
18383861423
15700414485
13400112150
13451480219
15030884029
15297397242
15037215917
18328042871
13483141893
13703434015
13937303443
15903882977
18782442528
18200467690
15183697409
15182649782
13628102145
18200473925
18200428159
15144251163
14552601988
13674359843
13483143374
18381314361
15044259403
18381347665
14552620044
18843216484
15570321482
18349157951
13628078747
13483132571
13550610492
15044582254
15183822047
15114303304
13177956809
13197859273
15144248873
13402485625
13833320337
15703134087
13618104465
18830344957
18730743940
13628079614
15136750232
13628101425
13438561493
13550657450
15552553179
15552898386
13177567924
15650148113
18383835354
13170832965
13170836505
13177561513
13170831732
17154904711
18398722449
13177562741
15043582453
13177560685
13170839652
13170837096
13133959023
15700645257
13177561943
18384793189
13170833085
13261834323
13170832361
13269084268
18383851436
13269099540
15143269698
18224086170
17192124735
13177561083
17154904722
13170854289
17137568451
13269726934
13170833108
13269736456
13170833798
15114394705
14556475243
13483669925
15044251663
13225147989
13216416029
13550631454
18782427907
18458184531
15703130405
15703130497
18733750314
15689473120
15737303092
13177957937
15679276032
15937383151
13404037042
15846167143
15183828484
14552604840
13177958010
13133792046
15183806064
18804323284
13628071624
13177560806
13170836881
13689873074
15144204843
13170854932
15183816142
13170833810
13170854931
13170854626
13403210460
17030611390
18200415958
18280545641
13463957802
13438565079
18343557614
18349188420
13943587004
13269067499
15579506859
13269704139
13269076354
15570328614
13205704284
18343552624
15708467807
18782002420
15196346054
18781980056
13550653624
13550655464
13628102490
13483698526
13400318487
18482301802
18482306437
15183816464
18782091233
15183824284
18781966749
15183825204
18782002306
15196331040
18782091441
18280534992
18280562845
15708480230
18346648501
18482302813
13944233974
18280577496
18781988992
15948603243
18383855094
15708479517
13874620574
14552489002
18280584235
18782091506
15708496476
13943272624
18349334823
13628072946
18380158214
15708443386
15570349142
15570348984
15579446137
13483173601
13658177694
15579448501
18281030964
13550625984
13282063460
15570349342
18281098446
15579507262
18383860744
13451491372
15845821849
18383861641
18246925646
13463870137
18780011469
13766771451
13604648417
15883400219
15570348854
18881002409
15706576817
13944253414
15706599817
13451495827
15708904900
15570348848
15944207694
13451473137
13844655524
15579507015
15708906671
15708908028
15579441532
15579441707
15798948037
13400211590
13402482219
15579441398
15579446231
13216278542
13634661473
13628102465
13402486244
13845954103
15579446223
15579506837
17137568450
15579506835
13402487900
13402494087
18328548290
13402498549
15579506831
13403215252
15579441670
13403219507
13451491953
13408546617
13456757147
15143591774
15554169582
13550653459
13177562094
13936744981
13197874062
18349319559
