18384781615
15208143173
15843210613
18349188077
18814870621
18244411493
15754445863
18444008202
18844284263
15640873519
13483196905
18380156469
13568112944
13285704628
18782219693
17137567994
18345406626
15143585274
18780684157
15703133645
18830345044
13024754251
18383854825
13115864703
13419289926
13419292939
13766146164
18349343790
13419297355
18444084792
17337347447
13943289894
18846608524
13402480192
18383854853
15884276413
13634325413
18444017931
18444029891
18444033479
13419285035
18444034675
18380647422
13438166401
13451480295
15708010542
15948608643
15948609103
15948612093
13419283652
18249664841
15579849604
13783863904
15948622742
13400414125
13943270214
13282062465
19831354310
18443823029
13634324079
18443823259
18443825191
13943578474
18443827790
18328532014
18804404954
13419285007
18380400763
15948602102
13944594424
18280489573
15708467805
13205704654
13843584306
18200405206
18383840349
13454106383
18200435529
13116840817
13456708991
15624057963
13658160470
17004753490
13282094242
13404068569
13843539445
13836797425
18272457593
13550669884
18443242184
13295708894
15707166117
15707188634
15707188933
15708906803
15843516574
15708971801
13483421904
15981276253
15124321806
15243282314
18380345180
13704652243
18782421487
13894201835
15144249403
15144243302
18782412036
18380450762
13610768452
15114092980
15924120747
18334395673
13438194080
13463863136
18381819304
13836895479
15114096230
18200472398
13216415658
15143289492
18349112902
18245880439
18224046251
13250894986
13945977425
18200431383
13291767481
18349187868
13766187584
15943507734
13843517034
18383834532
13894548514
13463868098
17137697604
15982412155
13408062772
18349350205
15904353547
13216415780
13408096559
18281076498
15102841752
18408201710
13438369748
13205701244
13438170614
18443823509
18443826637
18443827672
18345940249
18443827879
15947996403
15982486982
13285705549
18444040261
13458524628
18743232173
13483660384
15208140153
15214612363
13451493979
15948627592
13400318034
19831352996
19831355986
13843516482
13282062416
17858409569
13689630649
15708465249
15988457934
18200405102
13451492970
15045898437
18200423789
18843214294
13295705544
13282084949
15928461713
15824672692
13463887245
18246932410
13419274980
13419276976
13483147353
13419275383
18483108497
13483427378
15143504654
13463997038
13483680700
13116840203
13604454530
13463990791
13944227454
13483130379
15196347704
15828219684
18383848264
13458696918
13644475632
13419276103
13673343890
13419273733
18728486163
18200443610
13251089304
15196445448
18443273821
18483120649
18443279387
15228949771
15228942070
15707111481
15947998292
15164551416
15228841323
15982493136
15708904929
13282075148
13221729954
18397491403
13451482420
18349343490
15165955452
18780019241
15228840651
15982481851
18482385570
18458410236
15228847106
13483134322
15843226613
18349303699
18846646440
13451483157
15228948970
15281300452
15228943602
15874628234
15143504289
15228947389
15281363840
18200459582
13483669426
15228941912
13282074389
13890974924
15228943729
18783132240
15228947812
13483695664
13057930794
13463113037
13766146334
18443262413
13698193814
13894533484
15843511624
13483146754
15143265906
13463411382
15754437707
18343211516
18349321805
18444047978
15224064216
15988458429
13116848345
15144228224
15144203143
18383852424
15228940150
15281041665
13419283353
15570326684
18782024836
18345594585
13419044668
15944501634
18380104286
13463977164
18346602486
13463983995
13483129862
18280599954
13483135796
13483672024
15228943531
18380438185
13483172711
13483142305
15844504731
15096680565
18702816139
15228948892
15164524809
13408658766
15928549531
13463850652
15363647582
13438490258
13849271487
13282064270
13483101871
18349115652
18380149932
18200438813
13483428816
13400117501
18308449225
18380437820
18328042835
18208298415
13282085874
18304597645
13689889854
18381462149
18224076716
18224058617
18483127761
18349131056
18349131750
18328040789
18439294743
18224069357
13400219869
18328041363
18224061183
18784617465
18245884512
13400415054
13704598641
18224046122
18380142862
18383801422
13451486117
18224072879
13451489176
13451495317
13463118413
13463818418
13463855770
18380457645
18345534864
13205706450
13483164615
13483176391
13483151758
18380148638
13483671052
13282083414
13409779228
13438185400
18843215634
13476572884
15246198747
13894586749
13943574143
13635841306
13894596543
13402495474
13636001087
15944273082
15071667941
15071678751
13550612314
15928547881
15071710744
15928491336
15926732087
13438347330
15926754650
13438484529
18772489634
15104352084
18481941030
13400117725
18380435620
17162766240
15283804423
15708014806
13438456970
18380438277
18389037498
18349303271
18408960949
18489163950
13890424644
17150805285
13689631414
13408010298
15982457658
15202845206
18402897869
13438907785
13463882032
13438457767
15708908443
13451476537
15144253783
13555495402
13269060140
18380156245
13451482390
13547046408
17150805394
13458973364
15843246709
13596234818
15124326528
13547045454
15884277049
15124397184
13282082476
15884276884
15124417493
13483140873
15183812941
18227141864
18843217354
18443219421
13451495289
15884276464
13454478159
13221707934
13484018462
18383800406
15825510784
15884275784
15884274991
15884274765
18444034197
18782212039
13408504244
17150806430
18227140034
18227141304
18458165787
18782235145
15884274733
15884274941
13419016746
13408382456
13400317571
15846174812
15884274692
18243245484
18343244010
18744240914
13216294432
15884275143
18844280863
18782297656
15124308956
15884277294
18843584075
13463965070
15883843470
15884276244
13483437748
18349379195
13844296114
13074645694
15843249626
13282092484
13458969443
13282796545
13654454942
15196344956
13419006934
13419010483
13766195894
13483680104
15884274588
17004758361
13843511429
