18743551492
18782097223
17057913246
15708424221
13483690154
18280597442
13658179164
13116844067
18246846937
18380645402
17195350487
15612862133
15981269923
13282094646
15948432432
18308416434
15948475143
13483198937
18383831744
18381004380
13689621844
18746682043
13689653147
15183683214
15884255154
15883444966
15208141739
15883670274
17195350965
15883660435
13116844009
13216413393
18227196463
18227199430
18331329262
18333411038
15731363239
15883653547
15943247483
15982046973
15114077916
15143507418
18444086289
13408534404
15246143972
13285706964
14556639725
15828416729
18782124278
18374695849
18782420790
15947943554
13419718579
13463114844
15570327548
13483149508
15700413230
15570327494
15883443297
17195351016
18408202052
15883444148
18227195461
18443881497
17329845286
19831352771
18349379143
13843581412
15284817643
13630626984
15948524250
18444088926
15044602469
13483107355
18380156224
15947921742
18343294669
18380458129
15928740681
13408035269
15246147292
13419733406
13844540814
13463982620
13408380813
18780043874
13483673906
15883847472
18782280484
15892480427
18200478183
15883447015
15183677420
17195351077
15183839374
18308432794
18227194924
18227195154
13628107064
15196331904
17195351076
18227196948
13221722848
18227198420
17195350470
18227199547
13216415873
18280507245
18308417864
18402891450
15731331432
18482292136
18349342112
15731333042
18383835345
15731340172
18408201351
13614352423
18408204345
15884298434
18402856331
18281031074
18200433971
15281304169
18728041504
15883693574
15884296749
18398733024
15044554594
13648904377
15948425563
14552483877
13614664052
18308420374
13256150351
15774371384
18345406085
15943248447
15948431497
18349387791
18243223078
18224432690
14552484016
13483162785
13936759646
15928542106
13451474953
13488918845
18482300567
18774451042
13419009326
15183683406
13604670842
15883436142
15883436924
18308418143
15883438649
13438367217
15883673421
18383839064
18200416620
14556644025
17195350461
15883621402
15731342547
13483437153
18200461326
15731344686
13648104587
13658164054
13483127163
18200242810
18200242717
13630610694
13458493711
15928466117
18702831247
18402859916
18349394193
13451499831
13843572514
13658104143
13483155825
13285704073
13483690449
13285709745
18482350294
13804691944
13648109485
15883636141
18428092335
13251084813
13689630948
18402885340
18443572948
13282054469
15828229384
18702883409
15928458973
18281074449
15183685947
17003174508
15883436498
13285708854
13483671434
15183687343
18246930497
15183832234
18227142141
18402863751
18200341373
17195351239
17057914361
13438171763
18483610110
13451486608
18308416948
15144550204
18331338711
13463872472
13282094449
13419018427
18782428159
15982490379
13403216859
13461476617
15043505420
13256682041
13618104964
15883623343
13658164149
18482352855
17195351025
18443258263
18744297742
15982849377
13419725890
13463860212
13419001689
15183677747
15183662429
18845919194
18404354261
17003174515
13216412927
19831352906
18281074453
13216274475
19831356034
15731332058
13116842342
18781049141
13658160416
18280245159
18331329223
15845992497
13216412023
15208245862
18780083784
15928437330
18383846564
13205704928
13074674669
15204352470
18458340674
18245903483
18380149679
13438840504
18708145786
13593684458
15883421482
18428096225
15928497313
13936726442
13408003179
15883618462
15679299703
13483160921
13636098068
18408222915
13547040234
13483684963
15183833604
18380407079
15183684124
13636121459
13657139664
15883613478
15183810994
18402861029
18402877912
13634575493
13972730438
15071665401
18402883461
13463875616
13400216642
15926711814
15926743370
13177733913
18271534099
15708467806
14552614302
13438201803
15072723263
13400310140
15071713402
13408592301
18402886265
18200499600
13221705476
13804658841
18224425857
15883617840
18272142150
15928049628
18482261462
18383849104
18272149257
15883631445
13628104034
18383833417
18380437887
13221706414
13668301354
18780051495
18308417841
15883631345
18771633748
18308430364
13408512032
15707136840
13894533341
15928472057
15883627614
15183829432
18224438051
15928472519
17003171628
18483687330
15143556841
13907257971
13689633474
13628105641
18380644984
18380145556
15183685148
13971743278
18200467677
13986546170
13438912535
18402862092
