18271554518
15626176670
18122057071
18849339726
19831357731
18781989356
13593657957
18408216204
15114307449
15283806642
18272145411
13451493913
13221728414
18272149183
18380647042
13945973440
13658175847
13568104223
13408634148
15302933181
18224089668
15143597394
18280243627
15926736674
18224412568
13483160587
13451470895
15883434206
15844583946
18224438301
18383804847
18224026035
18780694237
18771584765
18349159629
13282077574
14556648984
13251082452
18328546215
14556647103
18224065670
18200472661
18302847273
18331363362
18380149452
15731331421
18380140204
15886287974
15948425303
15183677246
15997393890
18271575332
15283194463
15700415912
15708973522
15114032785
18200467725
13409753038
13408570877
13658170604
18380446155
17135684112
18383832743
18443584059
14556642235
18308417645
18443255783
15982485698
13261814265
18738517570
15183675460
15272014311
18272140429
13463974435
18345548591
13614661941
15183683747
18245906491
18773804423
18774448722
15183880174
15183693485
18328519499
18224091769
15892484184
18308410463
13438145386
18783134319
18380441858
13216419875
18380438544
13408571684
13282064263
18782409277
18814806009
18302843938
15926793506
15982849361
18438520627
13461476958
13438319667
15883416472
18380142232
15982945407
18481908793
15731326189
18402885419
13220175452
13261385449
13894531941
13408486228
18782218780
13487063197
18200445231
