15181341169
18200499173
18202847702
18200433757
15182642302
13116841937
15196033454
13943296024
15281041568
13704358745
18349977661
15082249142
13944600324
18124650533
18381973674
15828118374
13944252354
13438312290
17192126724
18380146081
15944508453
17150818040
13221724191
15700415542
13251084535
15928483253
15928940151
13636017629
18224027136
13636091229
13402894157
15043585741
15071710657
15071705597
15283100948
15926791087
13022646576
18244419492
18308099324
18281040442
13944233314
18771628450
13261883943
13269086140
13221706442
15982142179
15982041672
18790790049
18843214064
13404658053
15997324742
18328040961
17192126094
13400313719
15982043607
15143505462
15143279803
15928486820
