13177565706
17858416775
15928428785
13177567957
18814879411
17196159168
18224080512
15579450321
13170837268
15579821794
18782252658
18024905403
18383843684
15183819041
15579528760
18280590469
15579528660
13438052254
15082525224
18282518743
15579528670
15579528737
18282586409
15579528716
18384875873
13295702452
18728545530
13618105495
15004356493
18246840143
15579528769
18280527495
18443808658
18345916471
18333403690
18200472936
15579528759
15183879646
15183882544
17162760485
15579564865
15579564479
15183887144
15183890341
15579569540
15579561042
15282868449
15881470014
15579565404
15570348534
15881472084
13658173468
15164576401
18380114251
15883416642
15883430465
18383846924
13451476027
15984916424
15984932846
18380348779
18349350731
15579514143
15044629432
13285704919
15570328040
15948474439
15948474370
14702868153
18380444519
18380148540
18345914915
13668300945
15183674943
18380430768
13282065974
18280515624
15173843041
18349377696
13451489694
15825531435
13635874050
15087172165
18380412204
18380441311
13636077255
18408207568
18328546625
15071682722
15072723886
13463411004
14556635108
18328045870
15271618456
18380149422
15926721775
18349187951
13936718741
18271530674
18380404251
13483100336
18124705634
13438348525
18272147787
13483670113
18272454170
18771624228
13295703944
18402819023
13295701344
15700422383
15760090455
18383844928
18482318611
15706577229
18328548229
15708966170
15700419025
15579514834
18780081147
15760094917
15579514395
13261801084
13438149294
13269094384
13438308370
18402884557
15732311078
18331339023
18349349883
13550657492
15844584838
18331398271
13986542308
18380109043
13438369507
18331343738
18331392590
18781978840
18380440890
18380447470
19831354058
13251084485
15273831447
18349321417
15708454865
18282544408
15082542034
15196334245
18200548919
18304350064
18439219396
15183833740
18349315303
18439232253
18333406539
18349349148
18224020933
15983844483
15579445038
13836762241
18308449630
15579443932
13282054954
18380649413
13456807251
15570327334
18345544342
18200408969
18383839473
18349394703
15146371547
15700413137
15700414563
15579200246
15886269904
15570211432
19831347250
15570323164
13295706049
15579447718
15579447663
13177959483
13170956351
15579447726
13216412815
18328504025
15579446132
13027276273
15570324390
13628071254
18280575493
15570248046
14702866123
18272453664
15208141129
18280554908
18224055327
13023663914
15183696496
18328548286
18200469208
15834553254
13483190431
15708241693
13689623346
15183693435
18308420334
13282081724
13177950536
18200423516
15579516765
18224045809
15731342778
15731342847
18224047991
13936954331
18200429369
13843587004
18200428163
15183689124
13170838729
15570211889
15884281845
15731341421
15570237874
18383839449
13155709031
13216297544
15579844604
13980318554
18349381462
18303134905
13282084085
18349344596
18380641984
18280348276
13463862432
18328746371
15579514327
13463417635
14556470905
13658175304
14556469103
15948434312
15579514253
13628079749
14556644010
18308432741
15579514162
15579514154
15182641034
18679214286
13945908406
15982245720
15284824307
13578525124
18380436614
13644320994
13438150086
18200436835
15579446307
13664425984
15947924220
15579446332
18744296949
18781964283
18744299548
15579446530
13408145218
15579446392
13408145517
15579446286
18482063463
13618109734
15579525586
13668306498
18383853384
13689636744
15883441972
15883442064
15181089427
15883448412
17196159461
13282066734
18383843734
18227197402
18227198046
15884277645
15579551045
13698194954
15579550428
18227198874
15666447092
15579552473
13106113427
15579529884
13488905615
15043582174
13205770495
15143507684
15579529848
15579551040
15579529964
18782443676
15700641330
13469909418
13419010487
13403219557
15579552460
13469914363
13476655341
13477661867
15579551042
15208141286
13477676748
13487044165
15579529943
15579550846
18245884893
13593673844
15579551904
13593675914
18280498696
13597584166
15579551402
13617131107
15579552040
15579552463
13697145761
13986558441
13995942740
13618103944
15072736845
15271584012
15845993439
15579529794
15926701085
15579550425
15926723510
15926728892
15884531619
13604672492
18308420547
15926753249
15926766911
15579550041
15926784851
15579552246
15579550497
15972794948
13658167418
15579550414
18271543058
18272143818
15044504796
18272452478
18272146187
18272145290
18272453858
13438198317
18308430467
18272453950
15579528609
18272454778
18272457193
15579528669
15579528672
18272459562
13451497429
13843514741
18383840442
14552489539
13403212463
18371374121
18771617246
14556633379
18308431004
18772486807
13456705601
15824461094
18402855762
18781972122
13216413342
18383845420
18280415017
15707135334
15208147796
15707166016
13116847479
15708906702
15708900124
18280245937
18249695946
14552483825
14556635745
14552608109
15708946607
15718999309
15246181544
19831354827
14552611503
14552618716
14552614789
13483172713
13483121469
14555843206
14552602265
15731323721
14555848316
14552618525
15731328919
18745946383
14552621091
14552616747
15731332461
13221727416
18331338895
18331339194
18280566240
14552616466
18331342621
14552611699
17195350905
14552626444
13282064857
18333408228
13074695473
14552485811
13282707864
14552488971
14552623374
18345406642
18782259684
14552627285
13261888471
13126752845
13126753742
14552611424
18333408044
17003171659
13269716084
13890975547
14552490047
15183687149
15700417471
13483103562
15760074181
13704668461
18224450397
18224457665
13628105413
18280450383
18349341731
14552485210
14552483615
14552489091
14552483867
14552483791
14552488081
14552488111
18349392331
18380102874
18380412730
18383840470
13689630647
14552605786
14552489964
14552485150
18380416571
14552609785
15579841340
14552488992
18245808401
14552485255
13476736876
13116849847
13476738601
13216412346
13477696367
14552483530
13438340268
14556643676
13487031055
18345576514
18846498446
13581245932
14552483548
17150816422
14552126188
13971743727
13986524815
13986531117
14552607958
14552615968
13282064479
18200410592
13463953345
13409684548
15281342369
15284821993
15284836115
15183681243
13463888450
15754489767
13483167730
14552625279
18343287703
18245986463
18444078602
18280535664
14552614007
14555837354
13419001273
18281099064
13936702409
13285703409
18846647947
14552604606
18782414918
14552617092
14552603357
15579568471
13648105469
14552600126
15246194272
14552485227
13483169467
14552615255
18245964175
13689605473
13689636845
13689637604
14556474005
14552603477
15183678435
15183678964
13216276243
18346602364
15183681425
15183685749
13282084068
15183689452
18482374745
14552600506
14552615312
15883441429
14552625372
14552485899
14552621037
18246840376
18781968743
13408499784
14552626075
15845946297
18380641439
14552609546
15883442326
18380404877
17196159346
15883670164
17195350671
17195350271
