18224000373
15982342885
13409773272
15982478763
18380143571
18200541353
13581246460
13871951004
15982406225
18349188592
13483692425
13282087304
18481892825
18224023876
15928420636
18224055815
18398719487
18200438177
18380141550
13943298784
18244410141
18200462706
15282889404
13483693142
18281049664
18283841423
13943596994
13628072473
13408610689
15707888698
18381834865
14555846795
13221702428
13689871634
18481908187
18224010126
15036630248
18803737412
18200422671
13402484135
13438119261
18200440113
13402494508
13438110865
13451498791
13483436039
13400311072
13451473721
18304350405
18444189239
13400411293
15183886224
13409756292
13451487229
13635898157
13636082548
13636112862
13216412027
13221704627
13971745008
15997374029
15997374144
18200412378
18772504556
15208347630
13550653924
18772555616
13403314981
13483154996
13483692644
17183486805
13408013639
18200417355
18384817821
18481905536
18481914575
18481914667
13438831770
13221724489
18481957539
13483433854
13596345494
18380133494
15928431887
15928437389
13596346874
15208487015
13944214614
18782422894
17195350773
13943282554
18249645453
13944275924
18782401526
15208342060
18200417863
17057914652
15928487051
18380142856
13936794491
18328540915
13593660346
15982431176
13807253917
18280487735
13483170101
13295709419
15982497315
18482303186
17183486898
18349126635
15945922423
18200473260
15228945803
18830346162
18215543598
13618109461
13547396191
18380144981
18200475072
18224002935
18200420130
15707139546
15982248320
13944602614
18280479320
15198041381
15928439769
15707866990
15579449391
15708902312
15708908108
18380144810
15778999205
18345586324
18308021705
18383853491
18308023154
18782245926
18345579546
13483174215
18708022594
15208246328
18200425952
18380112401
15183806248
13463113758
15208142863
15202849159
18708027907
18708028804
18798923309
17196159083
18380137475
15183874642
18402888142
15183882324
18728048413
15579507397
13547041407
15579507395
15579507501
15183670842
15579507502
15183674504
15881467448
15579507503
15579507509
15883417204
15883434730
15883651413
15579508219
13463856287
15883668640
15208349873
13409770540
18202840633
15928466338
15928421550
18402860079
18380442796
15944250304
13596368934
15928487622
18227148041
13628101467
15928149281
13282073648
13943292474
13400118448
18843209074
18843215284
15706576024
13216412624
15707136810
15707138512
15708944679
18814795344
15246148805
13282095847
18227149409
14552606358
13483680110
15708977546
15700417475
15579523598
18381852304
18481898486
18481911849
13483178007
13463411863
18481966520
13408139127
13483432449
15228942830
15284838617
18224032039
15883696478
13451488183
18308449725
13261850433
14552625943
15884296546
18380141154
15114398034
13269058104
13269087314
13658170614
13269711143
15045922421
13269756407
13269790493
18349132259
15883682048
18380142501
13451472300
13836744359
13483142058
18200140716
13483147417
17154904542
15208342509
18200417808
13483165564
13483174465
13170833757
13596361214
17057913548
18249604013
13400213548
18224000939
18200478936
13618109844
18380409366
15208249730
13596376854
13400219453
13943249284
18380141186
18349185894
13943272514
15928422351
15202841662
18782430685
13618101479
14552485299
18830344960
18830345949
13409977050
13628077264
18380414977
13618104485
13216413193
14552126274
13469898628
13628078451
15183811494
15183818064
13944239764
13871990378
14556647299
13628105489
13986541303
18380159334
17030611652
18771580788
18380405780
18349347736
13463891644
18380442629
15708904629
15708970179
15775905614
15708988947
13483184773
13483155064
18380159436
18200402092
13400214529
13845957246
18843223074
18317369092
18349127231
13282053460
13628073584
18481946431
18328544943
13295708648
18280573407
15928453671
18783843634
15928495258
18349351117
13408618154
18380157146
13261885754
15828199477
18349348492
13269066423
13269071460
18380442702
13630648894
13943284214
15928949180
13596357274
18308022987
18308025862
13419032104
15183860974
13451498073
15982451692
15183861641
18349155583
18224037902
13205704934
18380442352
13409719020
17030611609
18200451869
13581241428
13636097463
13907257251
18349342116
13971739591
13483153449
18380458091
18772445641
18349321661
15708900910
18224051685
18280490308
13618101343
15679294030
18380142838
13451482044
18200430958
14556638326
18380442721
18280539949
18280556624
13269792034
18200425122
18308022948
13419047475
18349342947
15183808472
18328529034
13678384446
15183862154
15183860429
15183875425
13251084317
15183876644
18328513948
15183881451
18224038927
15282867402
18380408863
15282872462
18328522429
18283842184
15282876142
15183825143
15246147271
13766771540
15183822483
18349311367
18280533014
15883650425
15883654864
15183820475
13628074584
15892482241
13833346751
13409729025
13409738041
15183822734
13409775623
13483109215
15196337146
13628071343
15892471242
13628074954
13618105342
13400316241
18371362004
14702868292
15183689214
15183825941
13904868949
15183822564
13451484619
13221703447
18783842334
18380414013
18383861403
18807467794
13618103467
13704668042
18308420496
18782436278
15183824067
13628105244
13628073144
15708943874
15708947370
13216413118
13408581626
15708977914
17137696946
15708979823
15778988212
13483192632
15144254613
13483110274
15183822456
15183689548
18280526747
18280563846
13282074331
13936994642
13269084002
13438115400
13269721240
13986557243
18224050757
18328543730
13409977442
15579447905
13477684336
14552484015
15570324139
13438137072
15883829427
18249604039
13438199261
15183814349
13971744783
18771581456
15707139219
15579447901
13463884103
13694354645
15708977310
15144226554
13618100141
15183821484
13658168374
13402486048
15283801438
13894719324
13451497284
14552605373
18280531824
15579447862
15883656744
13658177042
18280567451
18383861440
15579447863
18349377186
15579447891
15183896740
18224046672
15579447815
15183897476
13451486178
15579447886
15579829704
15579447906
18349379802
15984931724
18308404282
15271586034
13620731594
18349380727
15243273425
13282099694
13408562182
13282076413
18380104076
15243274092
15731324248
18349382231
18349378001
13894596426
15731331562
15731344465
15844264506
15144226314
15776533164
18331327968
15884294934
18200427798
18783842347
18331397474
15737208936
18380150114
15183804974
15114080372
13155719058
18345914381
18383143084
17195350774
18280497505
18383851974
13155988981
13409972615
13409977491
13487024409
13707254400
13971741129
13155719951
13155718870
13986532314
15997383720
13845926984
18771616764
13618103204
18772527265
15579446035
15810467458
