15042837727
18283813654
18349313191
18249694948
13269753345
17004757246
18349317328
14552606853
13269730345
18280563481
13269087748
13483134234
13269062149
18380452843
13269060424
17030611363
13269057434
13261895694
18745946315
13614216329
18383860477
18382240155
15181026844
13463897274
18383860408
18281004592
18404354103
13694601542
18349313188
15694219726
18280557472
18280541142
15883647432
15183824753
14552606187
13550649475
13451488358
18349317257
15714206826
15183821349
13483151820
15237209948
15183820498
18737216947
13628101947
13483185290
18349316274
17004754131
14552622971
18349316094
13628077452
18349316497
13943282074
18246914285
13550653142
18280584501
18349317219
13628100449
15196014914
18349312971
15246148151
18349317313
15700414942
13628070424
13464058855
14552604878
15164539410
13628075481
13464202424
15183816646
18280565334
18384809296
13285700524
15708979176
18782440536
13628103904
13618104062
13628070429
15708974001
13463110150
15708949736
13463981117
13052628808
15942186206
15810467458
15942101327
15579446035
18772527265
13618103204
18771616764
18940595886
13845926984
15997383720
13986532314
13155718870
13155719951
13971741129
13707254400
15142274448
13487024409
13409977491
13409972615
13155988981
18383851974
18280497505
17195350774
18383143084
18345914381
13155719058
15114080372
18380150114
15737208936
18331397474
18783842347
18200427798
15884294934
18331327968
15776533164
15144226314
15731344465
15731331562
13894596426
18349378001
18349382231
15731324248
15243274092
18380104076
13282076413
13408562182
13282099694
15243273425
18349380727
13620731594
15271586034
18308404282
15984931724
18349379802
15579829704
13451486178
15183897476
15579447815
18224046672
15183896740
15579447891
18349377186
15579447863
18242160517
18383861440
18280567451
13658177042
15883656744
15579447862
18280531824
14552605373
13451497284
15204218985
13402486048
13658168374
15183821484
13618100141
18742160496
15708977310
13694354645
13463884103
15104217345
15707139219
18771581456
13971744783
15183814349
13438199261
18249604039
15883829427
13438137072
15570324139
14552484015
13477684336
18342162130
15579447905
13409977442
18328543730
13986557243
13269721240
13438115400
13269084002
18114788828
13936994642
13282074331
13591881575
18280563846
18280526747
15183689548
15183822456
13483110274
15144254613
13483192632
15778988212
15708979823
13591943521
17137696946
15708977914
13216413118
15708947370
15708943874
15804219919
13628073144
13628105244
15183824067
18782436278
18308420496
13704668042
13618103467
18807467794
18383861403
18380414013
18783842334
13634951902
13451484619
13390259929
15183822564
13904868949
15183825941
15183689214
18243831212
14702868292
18371362004
13400316241
13942168222
13618105342
13504210915
13628074954
15892471242
13628071343
13409775623
13274217396
15183822734
13409738041
13409729025
13833346751
15892482241
13628074584
15183820475
15883654864
15883650425
17640560881
18280533014
18349311367
15183822483
13766771540
15246147271
15183825143
15282876142
18328522429
15282872462
18380408863
15282867402
18224038927
15183881451
18328513948
15183876644
13251084317
15183875425
13842101020
15183860429
15183862154
18040159217
15183808472
18349342947
13419047475
18308022948
13464401033
15524968885
18200425122
13269792034
18940583832
18280556624
18280539949
18380442721
14556638326
18200430958
18380142838
15679294030
13618101343
18280490308
18224051685
15708900910
18349321661
18772445641
18380458091
13483153449
13971739591
18349342116
13907257251
13636097463
13581241428
18342115333
18200451869
17030611609
13409719020
18380442352
13205704934
18224037902
18349155583
15183861641
15982451692
13451498073
15183860974
13419032104
18308025862
18308022987
13596357274
15928949180
13943284214
13630648894
18380442702
13269071460
13269066423
18349348492
15828199477
13261885754
18380157146
15042135561
18349351117
15928495258
18783843634
15928453671
18280573407
13295708648
18328544943
18481946431
13628073584
18842131200
13282053460
18349127231
18317369092
13845957246
13400214529
18200402092
18380159436
13483184773
15708988947
15708970179
15708904629
13464243566
18380442629
13463891644
18349347736
18380405780
18771580788
17030611652
18380159334
13986541303
13628105489
17542112384
14556647299
13871990378
13944239764
15183818064
17642116331
15183811494
18604915571
13628078451
13469898628
14552126274
13216413193
13618104485
18380414977
13628077264
13409977050
18830345949
14552485299
13618101479
15904910220
18782430685
18204241030
15042188272
15202841662
15928422351
13943272514
18349185894
18380141186
13943249284
13400219453
13596376854
15208249730
18380409366
13618109844
18200478936
18224000939
13400213548
18249604013
17057913548
13596361214
13170833757
15391495053
15124072799
13483174465
13483165564
18200417808
15208342509
17154904542
13483147417
13483142058
13836744359
13451472300
18380142501
15883682048
18349132259
15541054015
13269756407
15045922421
13269711143
13658170614
13269087314
13269058104
15114398034
13304212899
18380141154
14552625943
13261850433
13451488183
15883696478
18224032039
15284838617
15228942830
13483432449
13408139127
18481966520
13463411863
13483178007
18481911849
18481898486
18381852304
15579523598
15700417475
15708977546
13483680110
14552606358
18227149409
13282095847
18814795344
15708944679
15707138512
13216412624
15706576024
18843215284
13943292474
13282073648
15928149281
13628101467
13596368934
15944250304
18742105558
18380442796
18402860079
15928421550
18202840633
13409770540
13717557755
15942145678
18341365249
15208349873
15883668640
13463856287
15579508219
15883651413
15883434730
15579507503
15881467448
15183674504
15579507502
13547041407
15579507397
18728048413
15183882324
18402888142
15183874642
18380137475
17196159083
18798923309
18708028804
18708027907
15202849159
15208142863
13463113758
15183806248
18380112401
18200425952
15208246328
13483174215
18345579546
18308023154
18308021705
18345586324
15778999205
18380144810
15708908108
15708902312
15579449391
15707866990
15928439769
15198041381
18280479320
13944602614
15982248320
15707139546
18200420130
18224002935
18200475072
18380144981
13547396191
13618109461
18215543598
18830346162
15228945803
18200473260
15945922423
18482303186
15982497315
13295709419
18280487735
13284214966
13807253917
15982431176
13593660346
18328540915
13936794491
13589329951
15928487051
17057914652
18200417863
15208342060
18782401526
13464284837
13944275924
13942198521
13019938278
18249645453
13943282554
17195350773
18782422894
13944214614
15928431887
18380133494
13596345494
13483433854
18481957539
13221724489
13438831770
18481914667
18481914575
18481905536
18384817821
18200417355
13408013639
17183486805
13483692644
13403314981
18772555616
13550653924
15208347630
18772504556
18200412378
18642133178
15566616995
15997374144
15997374029
13971745008
13221704627
13216412027
13636112862
13636082548
13635898157
13451487229
13409756292
15183886224
13400411293
18444189239
18304350405
13451473721
13400311072
13483436039
13451498791
15642288797
13438110865
18642798535
18200440113
13402484135
18200422671
18803737412
15036630248
18224010126
13689871634
13221702428
15804282962
14555846795
18381834865
13464268597
15707888698
13408610689
13628072473
15204210123
13483693142
18200462706
15541043298
18380141550
18200438177
18398719487
18224055815
15928420636
18224023876
18481892825
13282087304
18340277813
13483692425
18349188592
18242126587
15204001207
13871951004
13581246460
18200541353
18380143571
15204247409
15982478763
13409773272
15982342885
18224000373
