13438141304
13282083543
15665707392
18474664531
13547414016
15700429572
15198104167
18200426927
13936794467
18200430896
15043554425
18482117387
15947924821
18200405707
15928742089
13483439308
13618102624
13483130148
18245940162
13261384349
18200433709
18272453620
18200429321
15883650942
18308415224
18200349757
15145969740
15124423934
15183699845
18200248205
17162767434
18482294772
19831355419
15884274203
15984912164
15224059865
18349150769
18782252507
18458427252
18232320071
15183863984
15542455741
13438509259
13115820547
13408051643
13438833619
18308432874
15700429171
18224037211
13986550706
18772478359
19831353716
18474683050
18224096757
17137523228
14556638567
18349308145
13550762145
18124099855
15700427751
18780693114
18482319833
18443557459
19831355286
18349393795
14702866971
18380426556
18772504715
18272142383
13402482439
18443806448
18380435484
18380123494
13285703748
15071709081
18272149145
18380132494
18380442287
18782422665
18380433861
18781049420
14556649018
15902842859
13221724335
13155713284
13658164450
13155712485
13668302246
14556631681
13155712614
13155714291
15579206343
15507921946
15246143069
13936998364
18280401952
15008389458
15338420975
18200406835
14702851504
15884275455
15928048128
17329509051
17057914088
15928043128
13668300542
18333416094
15183824604
13400419020
18224052361
13126735204
13269780346
15984929426
15886269684
13438189318
15911556408
18383840964
13636002469
17057914915
18814862743
18345594076
13483426127
18438531013
