18345409447
13463975422
13547385509
13488903706
13408524769
13463991973
13943248074
18595257724
13843534167
18328501124
13404046703
15246195487
18482287329
13404506427
18380194461
18349381065
13628104584
13628078403
15183821548
15628028552
13261823144
15883685304
13269051124
13261862497
15703134086
15983891314
13618107430
13618104443
18383860540
13295703540
17030610515
15284828624
13550655458
15183822548
13282094447
13269070674
13269080564
17137697504
13463979572
13269098504
18349379503
13269701334
18200140753
13282055487
13269750462
15884277405
15183810034
15183807439
18280564167
13295701014
17137697497
15883694624
13116841956
15043278434
18328522464
18345586472
15684715390
18482348382
15183816040
18595253564
13463818474
18282935184
18843205024
15282882543
13943280614
15146372465
13550655734
15928145718
13216278764
15183820874
13261384389
13460804297
15703130491
15703134079
18830345984
18349317597
18830346145
13295422710
13402314520
17150816540
13704654839
14556649940
18380647459
13024394160
13251080429
13126566462
15892476453
15196346754
18328546051
15944218474
13269716484
13408519535
13451478378
18237230548
15283875884
13483144034
