18708151543
13400110778
18408215108
15182649957
15928941793
15883620145
18337229885
13400119505
13483697384
18481907715
13216417576
15947991247
15928548075
13483188317
13483101084
13269774353
18345513491
15928848293
13451470630
15928463112
17858413250
15928471850
18224030226
18345915994
15043287694
18224030881
13262351749
18200455621
15196445002
18711808426
15844586974
15044202063
15283863143
13269733024
13943281124
18481917009
13944603154
18378602504
13483133454
18481955488
18482376527
15143558459
18224042052
13944237954
15689940187
15948406574
13636014427
18224009772
15937224595
18200476320
18224029326
15944248204
15143267746
13483139049
18381903956
18384850693
18224032338
13408554156
18224023075
18458197233
13483160696
15228948195
13184670592
15228847076
18782279250
13483113012
15579501570
13483164328
13483111308
15887046070
13451497014
15988434784
13483184008
13295709460
15208340768
18202846976
18224030787
13451482385
15706596625
18200460062
18345410287
15844554368
13596354214
13483438613
18374689349
15143267607
13604597740
13463876985
18224065927
13483667491
18783188704
15144253594
13155711465
18377625104
13463999754
18481955151
18383801433
18782031153
18845916472
18384896347
18481951586
15045873469
13133951612
15579448071
13483197261
17139326096
13483115277
18443821519
18444120335
13483694735
13483149655
13400315130
13547389175
13454162700
13483121405
18200470631
13483141715
15143596445
18380641914
13894711163
18224027855
15886273941
18333411197
15843250569
13943273874
13483170232
15078660474
15982401912
13419044385
15944583942
18404354360
15124399263
13894204774
18224031091
18224013598
13064175137
18224021517
13177568587
13943581149
13843576634
15846916142
15579446167
13020912245
13483182180
18428321564
18224023211
17858413166
18380415727
18780693455
18780003413
18200242563
15828125584
18200437510
18402859026
13936736042
15843581564
13604678476
13451472897
18458178646
18224002160
15834556841
18245925643
13017741632
18244438174
13943572748
18384886754
13282062401
18481948548
18783103247
13664357403
