17150816467
15844587043
13596243369
17162764704
18780036492
15124325258
18443219347
18443582545
15883420478
13980191934
13483687089
18408208043
13451496739
18244339402
13766141042
13483430182
13630647824
15679296445
13944232354
13944253284
13944610474
13463950687
13944614154
17137921564
15144219013
15084279479
18804320524
15183825243
13486118170
13795980746
15824470877
13894705925
15708443717
15124320701
15243283463
13944595640
13804146274
15944269897
15183870415
15183878419
15183897141
18780025636
15883662941
15984902478
13604647649
13221705564
15708472514
18482381452
15044244913
13456706803
