18328515347
18328528384
17057919407
18328520794
18481907403
15908145628
13894538704
18745946129
17030610895
17137522090
18200487838
18744279426
18280597143
15707139724
18380644968
13175715405
13463954526
15908147698
15707866386
15902845506
15928043570
15892473425
15928043989
15908143201
15902845321
13628104814
15902847090
18383842441
18380643463
13483108631
15902849581
18843584665
17004130343
18308430004
13295705745
13521315404
15902842275
15902848807
14552484826
18308416994
15902841859
15902848511
13282064515
18383860644
18308416046
15902840922
15902841355
15249641572
18308421974
17137527463
18474792892
13408098874
15281047083
13628104394
18349391181
13261836994
15145934729
13261892240
13261897024
15908146630
15908141960
13689876594
15902842737
15908148069
15908141562
15908147089
15144250474
15908147900
13408638135
15928043138
15902840838
13547049148
18245884143
15224059155
13483139026
15928043168
13451491571
15988422410
15902848195
15988464270
15902842719
18458348480
17030610892
13408479632
15928043181
17137527464
15183800748
18482344475
13024704142
15143594471
13057974194
18308432543
13107784995
18308416459
18380640954
13483421265
18780146415
18281076234
18308430409
13872039698
18383845483
13986534066
15883673104
18383846642
18345960247
13458515364
18308419843
18272140603
18383845494
18308417741
18380160344
18272143961
13550632240
13251082480
18272144398
18383847466
18383848485
15731341372
13408639878
18308431462
13451471124
13938725806
18383847794
18238614032
18383174184
18728042438
18200141917
17196159645
18398875157
15143588304
18728046046
18308430424
15183867468
13668301473
13550656864
15183871401
15246182143
13658102944
13704897487
15183884143
13216414281
15183891204
15183893849
13458654519
13483173165
18308419425
18308430468
18308416684
13689631451
15282874947
13658161584
13408414534
15765877449
18308416274
18843214374
15883419460
18380645004
15883655624
15883665491
18383848421
18308418864
15883671441
15892484542
13704661043
18381952823
15984924348
15984934491
18308417354
18308419487
15984937504
18328545798
18308412431
18308412845
18308430584
14556474946
18308415467
18383806431
18328544487
18383840432
18383807489
18380641342
15283642354
18380641534
13483169473
18728046884
18349316944
18280587514
18281004090
15182646858
15707136029
18328544579
15798928431
18728046647
13569055132
15993804349
13408594542
13403213858
18728043406
18317714344
15183855461
18224025191
18380643425
13456819502
13402495302
18458420915
18280594494
13483425581
18781049540
13483156739
13400417586
13269704658
13269712524
18782262348
18383840141
13282074941
18280594264
18783843244
18308419459
18443574175
13269784054
13439664814
13520037946
15700413727
15700415130
13483435509
18383841084
13483684133
18308415734
18782423035
13483130900
18782266984
18280469317
13282084978
13487056038
13617134079
18308416418
18308417419
18308431714
18224065082
18380644878
18783840451
18783844274
13402899507
18704354307
18308431345
18846647146
14556467890
15072726247
13704654997
18728046641
18349317058
18782294701
15926735912
13408635264
14552607313
15926753691
18783843475
18783842654
18772535411
18383843941
15883673432
13047922006
13133785928
18781049422
15183683843
13170821057
18380641344
13285704148
18308430347
18308430549
18830346131
18481901743
15183874453
15926792919
18272140800
18483182774
15071718257
13486384773
13483189303
15198246109
15363014090
15363441384
18308416244
13658108644
18118796120
17162764540
15982943463
13872029913
13986545142
18781049749
18783844529
13165132825
15883672491
15552508031
14552484384
15039970327
15236510134
14552609831
18383854397
17196159113
15237278495
15937203041
13408630307
14552624470
18380642374
18783844512
14708006032
18308418004
15994107019
15183684064
15892475493
15984941657
15145935204
18281043847
18382247679
18783841412
13483121595
18380648544
18224098369
13456755345
13483125632
18345915341
13486110291
18783840419
15988470294
13403314391
13221704169
14556640599
18783840247
18314888876
18458177519
18458244311
13634575485
18814864302
13241657873
13261814751
15183683554
13658169341
13658166541
13261885545
13269051540
15183819472
18308417644
13658177459
13658174007
13400416965
18383854986
13658164564
15846166843
