18444060929
18349309297
15948534663
18346648451
15181304803
13019779615
13069629125
13115440571
13547040345
13408695142
13136829582
18383844521
15948521430
18783844047
13159811312
13244597638
18380410837
15708970381
13069740980
13199415693
13668319024
15708970441
13438375269
15928747830
14556474511
13936957486
13149659056
15645915273
13483169017
14556643336
13256132634
14556466452
14556643943
15902845113
15883637454
13251080744
13205702748
14556650065
14702851983
18281001144
15948423653
18380140169
13438302520
15944584424
18200437885
15706597812
18224071915
18328542887
