13785323982
18280588141
15281383408
13483144332
13024714074
18246922452
15089036340
18200466387
13409736328
18783841244
13487057038
15883673476
13256707612
14552625433
13674354147
13644692545
18349390901
15181314009
15984911645
15707174946
18346607407
15708977318
18200448891
15634895120
18200460728
15708946426
18380149159
13057745442
14556467693
15071684207
14556474215
15926731172
18349379567
13547411418
18200461521
15708909949
13065128428
15718988319
13065122428
17195351549
15570205867
18272454943
13184609832
15828493691
18380425897
18380453562
13251083430
13463870324
15114051810
13438837466
13221729428
13241001565
13261821441
13438366245
18728044810
13845926049
18383833824
15679240974
15579585453
18328527140
18383844914
13438301592
15707199649
15708988842
15928417792
15114097583
15708906709
17150815814
18443582432
18224025839
14702851638
13216418158
13886424728
15884274494
18383845741
18345990439
14556470589
13269026045
18349389766
18349340445
18349186473
13438195886
18349389006
18728041746
