13486155069
15754414218
13419282641
15843510348
18349109626
18444026605
13419049674
18846498471
13451497530
13419276136
18444002041
18224035717
15228843516
18383834530
18444024305
18281095419
18249665146
18349395051
18830345990
13766189154
15843252959
13894514898
18702861571
18381976170
18782216084
18284362421
18280544906
13628071394
13596263934
13944218984
13628070344
15944236184
15144226034
13205709564
15144248373
15183817429
13261864496
18804327484
13618105864
18280537747
15183816247
18334396805
15707197310
13604675040
18280554122
15282887514
13936995427
15183823417
15124401851
18280594144
15183816140
13419279141
13550658944
13451493660
18481916635
13628079497
13628076049
18383861084
13463961795
13483145418
18328543761
15183825484
15144255504
17004757068
13486397102
18224016391
18243240634
18380400848
15183820490
15183887364
18380408566
13419299593
18383832140
18383831994
13483167994
18383832040
13463982797
13483184922
18383861348
13596352014
15044580624
13402861413
15183810364
18443565214
13894205210
