14552598820
13521058493
18346602465
18280526942
13618108649
18380454179
18383848243
18280526624
18280584078
15507922026
15731358041
18383845243
15928745813
14552484947
15928841051
13402498924
13282057604
17060021140
13520597489
17060023403
18383843248
13483181517
15928743190
18349382029
15579203059
15183883314
13451481448
15282881248
13674356104
15281048309
15281048089
18383839764
13520545187
13550655474
13552049690
15090306607
13525014214
15837392469
15903071476
18333359415
18328504735
18328517488
13807257610
18771610868
17004757662
15183819846
18280592470
15579200426
17664058771
15183862764
13205702148
15183878427
15282869254
15282881145
13451474976
15883419425
14556643227
18224018338
15984904257
15984918425
15237325842
18338985874
18804321854
15700415731
15883696645
13438804598
15183818384
13628105498
15183820114
13409979568
13628103492
13593667274
15579507665
18771618404
15731359517
15183873428
15845947293
13618102845
13644351497
18308414504
13463989460
13488952526
13617138107
18782233129
14552614816
18349399529
15183818341
15208467063
18271578884
18280552480
13521164588
15982476809
18308418646
18728044144
