18308405053
18380446302
13282099460
15679242414
13463970581
15679241814
17746923073
15679245465
18443292969
17003174527
18444060226
13658176254
15634896231
13658109549
13871974449
18402888981
15124445245
18783843849
15948426823
18280534934
18349967295
18482312548
15144385673
14556630576
17685472731
18215543781
15948474919
13483122642
13483130374
18328542686
13483679522
15828216417
15883438434
18343555574
17195350990
18227143741
13704652447
13106164284
18200141718
15948474532
15928487095
13282084067
13419706320
15570327435
13408386479
13658172814
15948524802
18349350745
13216419058
13689654437
15208146177
15883644861
18383842204
18349380619
18443259184
18227106749
13438363169
18331341253
15708436498
15183681245
17044701225
15982476338
17057913334
17195350978
13419025617
13438896597
18308416408
18224075081
13463898864
13628107642
18331342460
18224015097
15183684043
13463960411
15183684240
18728044882
18246936413
15981133494
18402883218
18483674628
18224076971
13658169094
13550621147
15928940785
18349102958
13458690105
13463861754
18349337743
13288602850
18349184628
15731326032
13438188274
18328548841
15883611426
18333410079
13668312514
15143504659
18402861552
13483168655
13216291194
15834567604
13483140543
