18782439124
13483199814
18380428395
13596299644
18444034208
18328514806
18328746873
18380414087
15828226434
18443827162
13483431514
15828215453
15708243653
18830345073
15182636314
15144249104
13463416053
18380454288
13483149294
13456755483
13402485626
13402491629
15883845484
13451489265
18380145996
18281045434
13483150264
13483683055
18458344775
18482308793
13630647434
17004757290
15183879174
15183893041
13282703664
13486197107
18280543453
13402489082
13216418221
18324400126
13282076374
18280538864
18280571345
15183816412
