15948524871
13282058439
13408579434
18349311709
18283814848
18380137414
13282094912
18443232613
13251080440
13734582459
18349381028
13634454667
18200429829
18304354119
15004353924
13069747282
13208471207
14556475108
15706576716
13460972872
15706597025
15707166827
15708900774
15708904408
15708905673
15708906915
15708908272
13628070564
15828221044
15708972304
15708976214
15708988841
15778999116
17137925447
13596344564
18439208403
15947918430
15947920546
18349337889
15948422153
18443258994
15884274726
15666446362
14556474484
18772517356
18380409136
15883678342
14556640975
18782254544
13547387085
18308430404
13285704435
15281384984
13483127737
13644425304
15948428063
15948526480
15754489418
15981127324
13408539533
13069646679
15183693493
13208448758
15708944381
15928843861
15708973315
15708975730
15708977570
18443260327
14556631895
14556646278
15114304681
18380407745
15700429114
15634899101
14556642484
14556644105
13936736141
13074641014
13123984570
14556640669
13635832895
13408580460
14556476049
14556643162
13936736144
18331327661
15883624334
13408137342
17137520702
15928743286
17137699422
13658171024
13458975491
13674413034
18308420490
15947921841
17060021584
18780142398
13184402507
15948424184
18308417466
18349387485
15948433453
15948434028
15981126734
13039801795
14556469838
15706598021
15707188845
15708900919
15708901011
18280241783
14702856947
14702851718
15708942664
15708946505
14702851505
15708988940
14702851606
15283130324
15700427397
13936827403
13438357128
15700429145
13483108554
15700406651
15700419163
14702866177
13658179244
18482025038
14702851684
14702851449
14702869346
14702868054
14556636759
13408135684
18349954738
13285708419
15124442420
15883841844
15948427034
14702851995
18443240208
18443258493
18744289416
17137698554
13610757404
15706593327
18224035965
14702851894
17137698451
15228941060
15708945767
18200469305
15708978105
18215646701
15700426590
18200488507
15700426613
15700428660
13057830435
18328544183
18328543585
18328528420
18281046964
13408025295
14556632342
14556475613
18380649499
14556467167
18383830748
13483108968
15908147701
13907257783
14556638725
13463881932
15984912648
14556633064
15883675094
14556474785
14556639663
13674413194
15846944639
17137524478
14556647923
15706589717
13483181437
18782260171
18308417794
15708908071
14556635403
14556642096
17154907351
15843586940
13419034491
15892477405
13282385784
18679211845
18679211841
15928413151
13400318729
14556644354
15700428040
18123647458
18679211848
15844588774
13409916943
13463969089
13550653114
15928647270
13451495073
18679210478
18679211846
13636059337
15072733315
15271614108
18679211894
18679212064
18679211694
18679211784
15926766348
15926782494
13458978478
13282059404
13216418660
15679297264
15892476416
18772517754
14556474335
13241678705
13261397134
15579454075
13269071245
13269752413
18679210294
15501014199
15501164458
18771583071
13674412564
13408620129
15948474383
13463884824
18283839294
13836717354
18345426570
13547042484
18349337880
13547390832
15287156682
18349379219
18280243102
15928487053
13483147970
17005485819
13106134291
13282092457
18346603453
13894533374
13618983645
15728984762
13282051124
13487041086
15045925419
13617137987
18280584903
13483427379
18780195404
15926738693
13241683250
13261384406
13269095846
15510015148
15181069447
18281041647
18380642413
18383846624
15884288543
18383840804
13220161542
13404693693
13458967894
13419283514
13216419152
15124446542
15943249417
14556467752
15947924512
15947941670
13400213734
18281064675
13408414923
18343294357
13547403334
13614663542
18428391790
18428066201
15181304106
15679297472
13221728469
15679297646
15679298046
