18200477101
18200480392
15143594373
17060021742
13945968489
15947912460
15845948175
15146373041
13408028160
15948528469
18443241087
18782259731
13408407068
13581230308
17057914408
13944584705
13630750402
13483100351
13483697951
18474653037
13408136277
13175726384
15183852544
14552609377
13704597149
15883610045
15846174872
15208472621
13438486389
15708973914
15196320416
15778999415
17196159266
18200540612
13216413078
18308415647
18380406348
18380403287
13402885402
13149655903
13216295468
15707174943
13408687176
15708978902
13057750456
18458413829
14556468750
13635866335
15926726641
14556643980
14556472057
14556637948
17137524502
13244692801
17004754470
13235315103
13558904449
18349342940
18224039158
13451495172
13065124472
13282091431
15708974326
13065128245
15143597034
18349339864
18345575485
13636065930
15570205865
15579223246
15507922051
13463986990
18308430480
18246930415
15570219920
18272140303
18383831490
18272454023
13438228232
15579220354
13117929075
13618105549
15570219603
13483189240
15183819847
15579204675
18272451401
14552609902
18272458416
13184609379
15183694947
13689652342
13483672040
18200406376
15828203485
13463885635
15982043138
15928412367
13844586441
15283804480
15928840536
15928643593
13024302442
13295708394
18328535634
13033624871
13408612930
18349385452
13845905495
13054215621
15828425450
13408613703
18280245806
13483195126
13115876459
13116840234
18349331346
18224019027
13400117367
18202842715
13408636478
13163532873
17137520970
18349376889
15883662904
13185824404
13185873440
13408019108
15114090271
17162769147
13216296483
13216411851
13251081443
13221704910
13261878458
18308418458
17137523919
13604674606
13282058474
13216411630
18302843890
15708484275
18782025049
13463970363
18402861697
15928942985
14556632161
14708005911
13936954287
13483681105
18381948102
13483695609
18428083930
15706597624
13463809978
15283880840
15114089935
15928486069
15214602986
13282077407
18349391482
18345586749
15114075707
18272451496
14556472350
18728045042
18308431471
13463878224
13199400537
15708901971
13251084854
15708975870
15184417757
13618102403
13024753694
18349343789
15845948065
13074664545
13251038734
18380452349
13282094326
13785327377
15982451650
18200140365
15197884429
15828121434
14702868313
15072877934
13408028266
15143505694
18782257408
15928845126
18728041841
18272452094
18874608466
18272458810
18349381632
18772384993
18772386143
13126764099
13241671639
18780148439
18408218335
18224078701
15845896476
13241671685
18383860480
18402839447
15114083865
18202841569
18782287153
13269785574
15600318097
18272143135
18349391691
18272452186
18272452830
15208342600
18272453842
18272454164
15828138194
15228842383
18380416154
15948524021
18380645417
18443231694
18380413078
18443260996
13658167045
18772398126
15883644402
13402899209
18200241116
15183898254
18402830484
18443574615
18728049941
18782254465
13451496889
18380400957
18200240125
18349337494
14556637212
18200439290
15883425040
15982045356
18200410813
14556636017
18349381036
18402815982
13943574249
18328742110
13500956647
15928945078
15982041681
18408208662
13438174032
18380141741
18383846847
13451486301
18200143671
13483194058
14556638462
18200450528
14702851783
13295702140
18349382751
14556632359
15708946503
15828211854
13216418130
18380440736
13438902203
15114354746
18349336726
13628075574
15708946917
18402867963
15104354197
18443581643
13630758473
15828126347
18224479827
18383803442
13477611048
13593681422
15928481707
18380441468
18302849577
13669031331
18349171259
18380116134
15928848575
13658172452
13400311753
13872026548
13995946454
15928942207
15828184756
15928478016
13438451831
13674359342
15007258478
15071681524
14556648009
15928463701
15071701005
15071718117
15114087637
15072834698
15928463908
15004583541
15926708065
15928483528
15926722992
13903697784
18408221091
15926729340
15926757239
15926796707
15928475170
13221702445
18272147003
13285704370
15776533045
18200463969
13483153386
18272453616
18272459297
18772414138
14702851782
18772444038
18349337734
13689626425
