18272455043
13419022344
15045923743
18202845523
15984904138
15115155470
13261390142
17057919394
13698198440
15997376097
15183822742
18328520452
15183884474
18328519404
18328517174
18328515482
18328529724
13487064902
13698192491
18384805859
18481960803
13251086664
18381890247
18272146115
18272124817
15988459486
13419033484
15183896164
18782247988
18381469714
13261394979
18383861854
14552620982
15008134165
17057916944
13403310854
13221724497
17057916924
13408429526
17195351354
15881475814
13408429844
18308410054
18303820578
15281043756
15928045237
18781049413
13261860845
15902841195
15902841861
18349376713
18383846440
18308417494
18237362763
13282091417
18383848174
18383847574
17137529573
13483169163
18308419540
13285701498
18308418417
15928941097
18308431040
18846670894
13402485535
15045952394
15881474051
18308419406
18308416426
18746621741
18308416043
15202845695
13408637834
13654354506
18328545804
15164596457
13269053840
13658177437
15883674471
15883675604
18228046879
18280542448
13658171724
15703135445
15883671437
18308430243
15926790435
13658170234
15579836470
15679273083
13463851055
17195350889
15579844037
13658170634
13844641904
15731345129
18383844143
15844261490
13282064749
18380645459
15183684924
13658162486
15224064190
15183685643
18334395107
15183680945
15144248854
15143236716
13285704314
15136504274
15892465514
18781044070
15883674463
18308432147
13241626159
18708116979
15183679947
13483160463
18383846487
15183674243
