15183692409
18381878079
13483161251
18482350165
15183697604
17376800734
18280538148
18781988740
14556644234
15883654948
15708484313
13419077413
13026210043
15570212259
15928742097
17196159558
15928648056
15928647168
15928745123
15928741560
13871998458
15928840882
13986562240
15928743363
15928740773
18845917214
15928743882
13628106846
13285707394
15928745713
13658168426
17137528034
15928745931
13521188497
18746680431
17060023476
13836892742
15928646571
18563794724
18383861147
18383861584
15570213693
15570216798
13440044428
15928643985
18227110584
15902840829
13216417006
18349976834
13463870197
15700643611
15281047993
15902841167
13439600528
13520167044
13520344650
13520514413
13295709549
15143504309
18845975184
15143592408
17023520097
18708153695
15982145380
18790626923
19924528142
18481909423
18328530047
13409751393
13593682531
13871967512
18371362499
14556469171
18224090230
18772483994
18328504116
15810374921
13483699147
15579206498
18328504822
18328503504
15183864374
13550655447
15183876334
15183889674
15883417401
15883434467
18443574510
15883650483
13221704329
15579508212
13400214267
15883667940
15892481241
15892484415
15984904464
15984916401
13463991345
15984917114
15984918034
13618100482
15984918494
13618101824
13618103248
15183817324
13438193230
17154904558
13269034395
13613730795
18738328342
15137365542
18245748237
15183818894
13451484924
13462362436
13704354816
15183821142
15183817894
13402843542
18349137157
13177562892
15183819414
18380340160
13624354427
15183820147
14552603953
13409781653
13483112527
15183818427
15183816024
13409974255
13451478791
13483182502
18280582449
15044584643
13476743508
13581230323
18280581224
18280589044
17196159834
13658101463
13636090728
13986542234
15997381611
15997382209
18337214476
18281084351
18280591674
13836880454
18804324414
18771610101
18772434007
18772490357
15183817941
15183819840
15045949409
18381877562
13628103134
13550656745
13436342467
15982438795
13177953705
13628071844
15579206720
18280558894
18280577214
15183818543
13419019419
15183821146
18280543004
13419046490
17196159833
15183823234
13550656641
15183867954
18280584417
18380457130
15183816249
13628104443
18280526704
15183817034
18281007496
15183870461
15183873497
15183820148
15183874647
15183876924
18280568154
15183877476
13628100642
18280550014
18280538497
13282097449
15183880834
13628102884
15183816459
18280541964
18280576640
18280576645
18280536455
15183881754
13844544149
15828419304
15845822441
15183890471
15183890724
15183891046
18380644759
15183891644
13483129680
15183893024
14556649213
15183810412
15183894496
15183896014
13483428134
13451478110
14552608311
15282867843
18402892577
13408537977
15198247739
15282870074
13285704917
15282871247
15282874490
15883435241
15881473410
15883651418
15883651947
15883654914
15883656524
15883657904
15982498139
15883660848
15883668461
15892482429
15892482475
18383844528
15892485442
13628072024
15984904893
15984914507
15984916094
15984921430
18283805834
18308402452
13483183934
15208141035
13216299458
13483438165
14552606974
13216411070
15143559041
18308410042
18308410410
18349188007
15143598984
13483193611
15025182582
14552602181
18308411974
18380142611
13438821216
18380142868
13438915374
13282094823
18383804939
18383840411
18349399913
17150815487
15114052870
13438129917
15145934240
13436342329
15114099325
13439628914
13520457883
15844501442
13521047971
15198045273
13521073478
15982488631
15228847732
13552164280
14552623668
13552341610
13552366864
13621195974
13402487710
13403212814
13621368474
13781955785
18843559840
18244302418
13936994576
13483696148
15183824030
17329511527
13216416206
18746674236
13636033550
18281089645
17030611989
13483118526
15708438954
13451472825
13409724183
18345515241
15183802514
18749184947
13483161417
18238601024
13460490473
18782227384
15703132498
13483161731
18830344955
18474792427
18830346013
13409720595
13409793022
13476756970
13282080134
13476764445
13477613697
18383854118
18383834373
13635885184
18383861413
13216294014
13677131498
13402482073
13618102442
15738746020
13871987728
18728044712
13971724997
13986552568
15183819564
17137568423
15883636149
13483167026
13402481853
15971401738
18383861334
13936830945
15928945692
15183817464
18771609740
18280581494
15183819754
17137568424
13403318334
18771610706
13282094681
13628100245
13451474967
15183820854
15183818461
13520385417
17150815478
13520389419
13483132475
17057918434
15183818417
15114060220
13285708459
18200490915
18383853114
18200341268
18380143992
13618103240
18345942486
15828494900
15183821846
13689633104
18380141343
15928142390
15146365450
18280550724
18281000443
13156175541
15208447020
15553245960
15183819484
15183879944
18200241335
15183806491
18280564925
15183819143
18280532465
18280584234
13440042507
18349376878
19831359442
14552484509
18215543615
17060021463
13419041046
15183873274
13628102545
18280552646
15183818840
17060023174
15183880243
13483686251
15183880749
18280544266
18804329394
13483174739
15183883348
13483190760
15183884475
15183820124
15183884912
15183884429
18308416476
15183887074
15183887442
15183891743
15202846316
13550635546
18245974775
17060021462
18781925944
13618106864
13438458160
15183893514
13628104724
15183897424
13618101384
15282866240
18349379842
15183807041
15183818364
18349312738
13438056919
13483187922
15282866493
13550662814
15183817114
15845992748
15183820040
13658169374
15282873485
13618104324
14556645614
15282874451
18280559425
18383861409
15183819274
13618104734
15282876084
18349321139
15282880684
13845926420
18200439112
18349106807
13945979046
18200457837
18200469733
15881467414
15881467874
18349162680
18380142084
15183684241
18200407950
18402865701
18349131880
15183820940
15183684349
15883841140
18345964162
18702874649
18200343938
13658163114
15881474314
15883416043
13618106445
18781927436
13282072674
18383861472
15883416457
15883416894
15883416434
15982438528
15883430947
15883652644
15883675654
15883661614
15984903405
15982940401
15984904647
18280544678
15984913479
13221724620
15183818468
18280566934
17060021454
14552608187
18771610088
18383848431
18771612388
18781966254
18383841147
18380649745
13483126872
15928743650
18383840745
13177956297
13628103054
18384803931
13483138677
15703130408
15883820942
13177952216
13521235408
17196159570
18308418455
18280554729
18280573244
13483126203
13438413995
13037263842
18227193524
18383840894
18380409951
18380649641
13197864907
18380451136
13483429859
15570200827
15579209674
18380432833
13458495824
15183867274
18383847149
18380649634
15183874404
13668301420
15183885490
15183889814
15246140236
18308417694
13451493576
18308417842
18308418314
17196159546
13836741450
18308418154
15282868405
13400412213
15881470430
18728044543
15881470545
18383860413
15881475467
15883417242
13400214720
15883420416
13483152159
13644692473
15883430904
18308418194
18308418024
15892481542
15144253953
15892482324
17137697534
18383846435
15892484394
15982940864
15984905524
17060023461
13438806796
18383840514
14556647631
13105847331
15984920474
13282076524
18728041664
18728043463
18728044830
18728042464
15984926040
15579842743
18728043547
18728041994
13400317119
18728042864
18728044041
14556468554
18728044571
15984935654
18280546834
18308404992
18308407453
18308432405
13282079436
13438810519
18308411248
18383840842
13438349518
13451480379
18843211394
18383840044
18383840874
15283875481
18246946410
18308413341
18383805064
18843209064
18383807847
18383809457
18281064045
13282064896
13216413056
13683735491
18308418604
18380641148
13436301744
13436305631
13436341120
13436341649
13520428660
13936739649
18383840254
18383840429
13483687857
13521428769
13521471687
18383847463
15700641325
18383845410
18349376803
15707135421
15708908514
18383847480
18383848094
18383844481
18383847440
14552490419
15708908905
15708974547
15214602243
13634593542
18380645047
18380649470
15883422714
15143506684
18380644916
18308416456
13936715246
18728043540
13483423872
13904699541
18781042840
13483434771
13409824489
13282084737
18781041493
13995937238
14552483679
14556471052
15926714397
15071676425
18380143227
15926721895
15828454877
13438123942
18728049984
18781049874
15926792298
18383840148
13221704109
13936999489
15884250479
18383848146
18383847045
18271543099
18272142341
18772487193
18380641467
15281328394
13221724437
18345568842
18308418840
13463112489
18345548253
18308419364
18280545964
18345446035
13438574556
18728041094
15282896840
15731357754
15731358007
13604678540
15249735431
18728049945
18338935052
18728047480
15183881647
18781040842
15282866747
15881466541
15881474384
18781042574
18383848248
15883434674
13944585394
15243274385
15183692046
15883655497
18383843334
18383847495
18383846845
13216412819
