18200440956
18349349028
13836778046
18245807476
13483439537
15883802427
18244342247
15183828450
13403210964
13881043404
13402877741
18402860935
13894248313
13463887011
15144294543
18380143967
13943297604
18374127728
18200410669
18200343751
15183810451
15707888194
18444024406
15883611483
13550654574
13483433795
13483426518
15363089122
17192124803
17192124801
13402493958
18443584076
13628101424
13483167585
13483679519
13400212427
15883631943
15883634648
13402480733
18402817298
18402863280
13483675632
18200419301
18782425401
13269754794
13463115751
13943595483
15281372842
15284837401
15883630854
17192124759
13295703374
18402864246
13402870410
15707139642
15708900476
13451486517
15928402002
13451474631
15114052565
13483664161
13400216458
18708140958
15208242906
13400414212
15208345208
15892470140
13463879101
17139327035
13221706468
18345914480
18200408521
13944594718
13689886094
13936982304
14708001874
18314857746
15208340517
18328741357
18245884513
18224050221
13216412250
13943273794
13894544960
18244347197
15982995684
13943577421
13408419573
18843203064
15843239763
18402887496
15947994683
13943298084
13438095928
13894586584
15045951489
18349139653
13483190175
17004758387
13944651803
13936772485
18200403613
13408574639
15883660470
18443826726
18443829785
13451498315
13463990765
15044583504
15883663754
18482260546
18208271904
15144224404
13483687248
13894582304
18444024229
13518466106
13547406178
15208245509
18830346213
15982457920
13403311914
15845990450
13483421328
15044553481
13402486773
18482316762
15196342947
18383854527
15214612025
18345408913
13216004862
13282794585
13836846646
18248485086
18444019931
18224061103
18328041353
18782208244
18200465758
13463879393
13177561662
13184682270
18408207475
18328546313
