18281017495
18702828495
18708121075
18702811855
13663730861
18439505095
18482399935
13115837534
13282064342
15836054204
13458977945
18738568230
18246915446
18782403396
18200407952
18782439476
14556647138
18782293921
15700413061
18782295073
14556631088
13804654619
17192126593
18703731832
18749115064
13658172471
13408547603
13796991942
15145969421
18246786046
18782210156
18438526790
18782428630
15236610195
18782282786
13804654762
15183818548
13282091438
18246914049
15700427620
17150804254
17162764928
18380111448
18437200725
18383860842
15982476957
15183671747
13451473272
15183851640
18380422586
18238624746
18224076818
13173589402
18482349020
15183691045
18200421867
13628104427
18200431358
15136713853
13663075149
17137572900
13438145123
15836377441
15994116593
13282051644
15834879014
18374682449
14556471792
18383845045
15237366936
13949533272
15283632471
15764667341
18482046941
18331396078
13438374652
15700426787
18224038857
18380120340
15877994629
13845926846
13483425339
18783102734
13408634963
15828431048
13766782249
15137261564
13402491237
18383854747
15937249726
13400216744
15181087467
13550634959
18346647805
18439225813
15134368164
18224058870
13936994409
15143821854
15183820034
18380109394
13438127930
15736939667
18482309149
18380647054
13123986924
13463414689
13483188891
15982473318
13451497407
18380409384
15700427190
14556475389
18328504722
15700427420
15183806424
18780693634
13526116325
13295707041
18781957175
15719489982
15045924857
15776538054
18200545802
18237220447
18328545153
15281391984
15183873640
18702874082
15282877140
15846174841
15883434648
14556636811
15984929784
18383808854
13419013477
13177955051
15703135654
18200405157
15893822352
18331388687
14556632915
15196325471
13221724137
13185770014
13438381820
13408621995
15928476173
13438191201
18380414329
18482018057
18482343157
15982497097
18200247851
13216084773
13408574369
13221704768
13844589424
18200408337
