13216410940
13409971467
13409972824
13451488329
18200410665
18380437035
13216413809
13658165440
18224017235
13907250741
18200432702
14552615578
18280493677
18383861465
18224000383
18771616743
18772442098
18481945497
18328527640
15707139684
13295707194
18200408090
15982413585
18728046248
18224018731
13483134884
18200245270
15928491877
15183876436
15579507768
15282874094
15282877314
15881473405
18380642514
15928455860
13451477411
17137696943
15892483045
15984903347
13403219413
15982482385
18380148711
17005741546
15984931246
18200141208
18380143511
18200549853
18443881142
13438845515
18845919457
13658157454
13593677942
18772467445
13400418550
13216412737
18772503141
15183809438
15144248403
15948603023
13451479441
15984937594
18308449381
13943293314
18227149435
15834554915
18383837440
13766199143
13116840020
13894702283
18481908468
17137697084
13402480328
13261821407
13261837714
18308449320
13451486798
18200451896
15982426928
13269092949
13269764756
15703130410
15114393645
13402486145
13628105418
13476731399
13477687785
18380144863
14552615077
13907259130
18271575163
14552624324
15183683459
18328531243
15700415145
18380456589
18349344681
18200453312
18380114750
13618102164
18749356439
13483106948
15183819643
18380155946
18782292106
13943297564
13463990978
18328506274
18349342669
18280598408
18380158354
13261382284
18328547969
13614664341
13261808014
13261834625
15944272908
13269767440
13628073407
18398310897
13628104848
13403314079
18380444178
18380442987
18200409107
13658172745
13408509160
15208241952
15282874417
15183825043
15883416354
15183822354
13628105451
15198046806
18482021302
18349349661
14552490418
