18211685864
15183821141
13628075664
14552484427
15183683674
13781912429
13251084957
15144255163
15236637957
15183680849
18333407637
15700414925
18349342110
18118796293
13658161944
17135685146
15228946356
15713723576
13456755840
15948607892
13409747855
13476753318
18245742035
18280560844
18780694193
18280533841
18783114023
18280557476
13618106412
18783114690
18783130744
18345941485
15982943534
15984918429
15984928664
18383804514
13438024432
13402489242
18783845492
15936540758
13618105409
18280585470
18383809418
15225917721
18308419043
18281002429
13216419661
18280594936
18838757491
15237337842
15703136004
18280596644
18238653543
13658161649
17154905311
13438859558
17004134950
18280565401
13618103414
15136544942
15836309638
15183684274
18782276332
15183818452
13409734405
13618107468
13483439810
13618103549
13907258721
13483105463
13971734023
13628100493
18383829843
13618106243
15971386338
18281004456
18308431314
15997373164
18771608439
18280593496
18280588492
18781902401
18280594278
18281000914
18383844335
18280595004
18772493134
18280594341
18280538343
18280566394
18381874934
13944271853
18381989014
18383847341
18384874847
15928046533
18280564474
18280556492
18280568147
15731341853
15281042673
18345964161
15282868640
18738327414
18308430642
15136779172
15903016674
18843202804
13460475048
15136725927
18782428272
13618106402
17135683284
18280533934
18280546431
18383843548
15703134139
13550658144
13550654243
14552607106
18280586473
13904895493
18338957990
13116840886
18280557457
14552485310
18830345745
15037292994
14552484573
13216272024
18383861894
18280584740
13550653843
15183809494
13581279627
18280529426
13550656554
13451492305
13971741565
13282054436
18384858630
14552483602
13943592394
18383861543
13698194684
18383860943
15845924397
13282074726
18280545427
18280564902
15943542674
18743553934
18280551849
13618106483
18308419524
15700426832
13408582060
18780695484
18383861704
18783115475
18783120489
18783124284
18783134542
13618107554
15183860747
15183877146
15183881493
15183882413
15183886024
15183890463
18280597429
15183892694
15183894442
13438109319
18782439025
18380649469
15183894764
15183896949
18782418662
13704659402
15183897846
15881474667
15881475104
13184673736
15844501664
18224020313
18237397670
13184673731
18482299482
18280594792
18781966882
17154907331
18349348133
13483148274
18345914510
13184673730
13170830086
15700414065
18383851814
15700415491
13408039283
15928409590
15738651542
13400414804
13894248893
13177562090
18303132452
13177560769
13177560720
13177560257
13177561537
18124198432
18118798929
13463989215
13408637337
13024394126
18781984950
18443808272
18804321884
13664354980
13463985617
18783844313
18334397180
13844591468
13216413785
13943409427
14702868517
15944585354
14702868568
18783114139
14702868508
14702868232
14702868087
15183870451
18383808149
13017864725
13197866814
13075704757
13197868401
13197868406
13197868429
13088661439
13115874303
13177955805
13185868409
13235773487
13282734634
18381914191
18781042441
18728047214
18384880386
13177955587
15700413192
15284817084
15700415101
13197867845
15700414641
13117951834
13117952241
13117952403
18122056213
13177951891
13177955197
13177955171
13177959626
15294687603
14556466702
14556639113
13409779436
13469882346
13487023027
18772461437
18772556289
18384833904
15181317774
15700429223
18780694126
18383847484
14555832039
15579842430
15579842495
17135686324
15579842498
15282875447
15282877540
15881468824
15984933427
18383841047
18383840430
18481894226
18481940893
13074642204
13216034336
15825506489
13133957638
15988445481
18314877863
13133957596
18458427809
18814812280
