13438901327
15044623235
13282070104
13658170264
18123710377
15284823850
18783114144
13057833486
13438144243
14556475927
18481899635
18481909985
18481918679
17329509406
13943530734
13216411287
18380194429
18200439936
17162765417
15754498823
17030611937
13483673871
18408225728
15982482723
18200431157
18328747255
18280561541
18772510052
18780046073
13269723344
18272134817
13460880375
13419030834
15183871457
15982419668
13216273994
13614664253
18240620060
18200450833
13463980289
15700415487
18783108408
15198139463
17137698943
18200247909
13483432755
18200449163
13438118139
18380645243
13261373104
13402497569
17137696994
13269706349
13269766425
15083084878
17162768740
13285701244
18333416594
17137699648
18272141213
18272142087
18272142869
17388710132
18224057195
18243282814
15948429133
18200348203
17060020914
15825519548
13282075274
13221707474
18314859665
18281053044
18246924581
17004134782
18200543507
18814878860
18280491576
18200475278
13458510995
17137697454
19831357811
17136399641
18200468085
13181734085
18380443696
15542423748
15542445943
13836786541
13402889567
15982479736
13438338606
13075739114
13408581098
18384828217
13438136214
18383847914
18783125496
18838757413
18383845447
18328548296
18224498925
13116841071
13943206654
13943250883
15144398674
13483684756
13282084697
15943581284
19831353693
18272141189
13126721466
13126736048
18383853474
14556634567
13402818064
13295708469
18383849294
18708150510
14556646242
13408631213
18782005990
18702868143
13282058384
13400415837
13057719471
18224045281
13175631340
15570249620
13184609501
13408482801
18224428367
13483427935
13500955184
18458341950
13658163437
13155708763
13155708857
13216416693
18783125364
15044608143
18783134932
18383800034
13451498814
15246197240
18380345602
15198121482
18746674625
13205704482
15844504489
19831352595
19831355217
13408520643
14556633756
15183674594
13026216754
18380438210
13408517381
18380407460
18283825514
17057915431
13438186762
18380433622
18380433740
18739727847
18280246582
18380433581
18380434329
18380434119
18380433385
18227102242
15928402550
18383852240
18380434069
18380434175
13261800648
18380433990
15892462645
18380434371
18380434726
18380404162
18380401119
18443551624
18380403832
13658161492
18380405026
18380435776
18380434851
18380434516
13460937800
18380435743
18380434789
18380435265
18246937049
15104350474
18384847420
18384850594
15902848090
13419017284
18380124132
15183690240
18383844005
18349347179
18380435545
18380434397
18380434724
18380435100
14556475740
14556469163
18380436062
13986545460
15072722484
18380435171
15072729982
18380436143
18280242125
15997357490
13463813706
13408663677
18380434577
18380433512
18380434325
18380433905
18380434303
14556467316
13408627006
13483667236
18380436083
18380404290
18349320773
18200248192
13170835018
13438146282
15143504927
18782207510
13184677361
18200429517
14556632509
13282086814
13451488027
13220150054
17136399640
18200412019
18328516451
13483685058
13237921671
18380141668
18783841148
13155713414
13261381487
13155712458
13177729574
18782283782
13269088419
18200489972
13216418286
13155714376
13155714391
13894597147
13269737364
13269750428
13155712462
13155712554
13155714464
18380406193
18345507486
15507923414
15507923412
15844551043
15507921343
15579206294
13285701434
13285703964
15507921774
13216298654
15114015131
13282056498
15579209624
18380144908
18200450772
18280592486
13483120401
13845954795
13013725571
15507921474
18224056951
15507921384
15507923418
14556469698
15281349506
15507922547
15845946329
18200482293
18200433352
15183681480
18349350965
15926732358
15283859948
18302842592
15700412887
13451489967
15114304372
18308417142
18702819242
19831356223
18383849840
18782077547
17137527340
18200431101
15924105597
13936875624
18200466589
18200248950
18380122748
15731357432
18230383010
18328530465
15183688148
18349380125
13550603144
17094855756
17136399854
13400412979
19831344677
19831358178
18345594589
13400211316
18349321363
18380119984
13220172904
18349342344
18280346208
18349382589
13261804882
13261821465
13936758421
13628105304
13269734017
13638413044
13483420206
13634328154
18200479530
13945914405
13463410600
18280240032
18200423791
17727514736
18380641294
13944583457
15928646736
13844595419
18443808451
18200443508
13658171243
13668307469
14556636948
15988417514
15988425403
15988437294
18458405408
13634329794
15754489528
13221728384
15948474863
18245976489
15198132684
18380117437
15114358240
15542439947
13438344884
18272124958
18272143151
18272154398
13126737734
13269716452
18333351349
19831326744
19831344546
18245914797
18788459941
13282074252
15883672174
18345914086
14726509841
14726513981
18443808849
13618107448
14556637074
18782291939
13282074583
18227641601
15982413862
13597605234
18380429958
15828206384
15287166350
18272143082
15928048018
18272147774
13282064065
18272453513
18272454755
18772385607
18381942483
15892462443
18308418645
15731327102
13438173166
15731327723
18333410574
18783162349
13216293498
18227142547
13116847410
18458243120
13419000843
15044551472
15834560394
13251080344
15708314360
13438305767
15884279414
15045945437
18702824334
15731334853
13936744921
15804357024
18349186657
15844509274
18232305886
18345583487
15183683774
13483696456
18200479673
15982499353
18200432915
15845949037
13463870930
18402860674
13400116447
