15183807140
13451486211
18380465893
15982047328
15948517504
13133955708
15928642316
15928483686
15928489573
18200472235
18483643917
18743554718
13408581055
13438314691
15024499691
18380154669
13438375574
13483159061
18328589743
15246147195
18202848880
18127098925
13216296428
13438104459
18224027515
15145996945
15570322465
17858409181
13483118154
13400315173
18346605406
13617134822
18383845498
15707139946
15708901677
13463115703
13596381774
13945976453
15144227504
15947961331
13483107272
18228686834
13483113870
18224047201
18846648470
18224028538
13944211434
19831359241
13596348834
13596365394
15044276183
18345515246
13170959529
18224035295
18224036937
18224003375
15208477268
18281029841
15764667743
18346695463
13170835130
15246115845
15282891474
13403212803
15579842154
13596346624
18443822256
13400414134
18443273383
18458427669
15943236334
18481914351
15837369841
15621373115
15948603562
18780145014
18244348821
13402484784
18843218354
15144250794
18227149841
15708979517
13483687402
15700422574
