18481954752
18272146268
13483690661
18380642245
17195351125
15045870472
17162765485
13438907172
15282870492
15881473943
13438125594
15883849473
15111537748
18200471306
18383861452
15183685429
18281074456
18200436138
15883673949
13658177214
18224409661
18804328054
17196159114
15183685241
15183697460
13261811640
17196159038
17196159362
18380404551
15703133624
15928041925
18328508644
15183872468
18328520154
15982485206
15883418664
18328501419
15984904439
15984922540
15982405806
18328507044
13261832894
13269759154
18380641584
18249694042
15926775182
15706579116
15778999492
18349382005
15183676402
18328503047
15984948047
18328531441
18227149047
18328041562
18308433554
18383843194
15984109743
18328501420
18481909237
15982045568
15037286752
18328504921
18328502964
18398874827
13483671304
18328504867
18481909013
18308416084
17004136445
18272149013
15883679143
18772467047
18272451118
17137521768
18317595817
18328505546
18328504696
18118799986
15708423965
15902841278
18482367717
15183881214
15183892024
13282075454
15881467948
18782248839
15883416945
15892483453
15984914174
18782249853
15984918452
17196159331
15984918843
17030610916
17030610951
18308412054
18383805479
15043552463
14556646954
15708902627
15798952434
18246936489
13936931425
18783842014
15183679704
17162760640
18240606651
18280453576
13033629452
13057824141
17057919429
18783843940
15828406253
18346603449
13184269424
13255875416
18771614528
18224032239
17057916914
15114304305
13205705842
15843586184
15703138594
13438805210
13408433848
18337323975
13408429339
18481913429
15883691764
18245994519
13408432327
15883649498
15883653684
13483184413
15883661941
13408433931
14552602646
13408433526
15984919947
15984929492
15984937450
18383859542
13463956278
18308419534
18383809436
18224053980
13205708204
15884139145
15908145916
15281043670
15984474230
18398877173
15908148539
18481904896
15908148380
17162763949
15928045909
15928045673
18224080853
15579835984
18280532354
15114354954
18383842487
15928042867
13783724037
15902842021
18383861594
15037287747
18349378189
15249616180
15902841107
15902842338
15908141206
15908141002
18337255113
15908140793
13261394175
13261821745
13285708344
13261884972
15928045633
13269052324
13658169714
18383853407
15908145921
13251084848
18781049479
17196159672
18782438965
15902842575
13400114784
13269067343
15908147578
15902842627
13269727144
15908147229
13486102174
15224057016
15984943035
15928045187
13451484177
18349380461
15988443846
14552605971
15908149626
18328541407
15908142136
13402496925
15928046253
15928042250
17137527696
18280544744
18308415840
13164918490
18308416674
18746618142
15700429390
14552489897
18383848495
18443574243
18236157724
18380645457
18349319738
13483109471
18481914012
13477685907
13581236162
13669033671
18200458338
18383845984
18308415564
15287146143
18380649468
15928043332
18383845274
15183824643
18272146238
18349342744
18772482580
18383845249
18383846451
18772552270
18308419274
18308419438
18280564812
18308417604
13463886442
18308418418
13282085664
18249663247
17195351415
17196159632
13704359394
15908142981
13282084576
15183860476
15183861465
13402480750
18227140473
13116840029
18308419413
18308430414
15183881475
15183871746
15183883844
18383845964
18380645334
15884274983
18283839940
15183889824
15282866874
18380645425
15282867104
18308420041
15282870439
15881468347
15881471452
15881474948
18308417024
18308416248
18308416049
15883432041
18383840754
15883659074
13618107884
15947985919
13403215253
18781049054
15183690450
15883672419
15892485094
15183680043
13843585492
14556643788
15183690486
13483117179
13658177543
18345578549
15984923704
15984930949
15928843853
18308417471
18246936403
18328546185
18308412914
18308420042
13451487059
18308414478
17137529583
13221705544
18728048482
15183687434
18383805534
18308430646
18349316751
18383807374
18308420084
13618107485
15183815994
18280525437
18782219960
18280534453
18224097273
15707135523
18383844234
15707137685
15246054826
18328545648
13483178614
15708944680
15708975638
15718988182
13483685574
13451473056
18349319104
18846646594
18317305933
18317318146
18846646143
15983846407
18402863842
18383831543
13116840225
18458348580
13261832241
13261389422
13936871469
15164576143
18783843843
13261854183
13269054080
18280559234
18783842349
18383844514
18308431044
13269723541
18783842435
14552614869
18783842418
18308415946
18228049005
18308418467
15183803349
18244297838
18200426335
18783844574
18781048794
18308417274
13618103141
18280428906
18308417467
18280476332
18245693943
13617137529
13593678173
18308417849
18308416743
13995948403
13483685991
15883679614
15072721026
18308419234
18781040184
17195351417
13463812147
18281026284
18783843424
18245907409
15072745797
15926701642
18781042421
18783842467
18781049467
18783841043
18349379669
18271534691
18383848804
13047921868
18781049462
18728049140
13117955925
13658169146
18380649914
13170825726
15104354973
18308417452
18380644919
18783843246
18308418540
18380645549
18783844254
15837304427
18384885167
18272149517
18783844043
18380642544
15283556243
15982487019
13483692963
18383852834
13216294417
18243528647
15183832024
18383860459
18308417544
18308418423
18272146964
13614664361
17162764539
15183687462
18245808441
15183684048
13658166074
18280429816
15883671914
15183676346
18280438786
18308421485
15183675314
15183683754
15183687429
13408670198
15183675453
13438199342
18308416437
18331399748
13658163040
15928453980
15164592491
13658177412
15183687324
13177569592
18349396461
15845992546
17044703295
15679240308
13658166504
13658162704
18383800480
15183688749
13170835008
13658174409
15570217318
15579842841
13658161548
13658175914
13658175649
13658166740
18380410709
18280534235
15183825840
13658161747
15731342093
15883679406
13658169427
13658170402
13658174405
13658164546
13658174462
13658173446
13658177426
15844265147
15845816142
13658169394
18331396068
14556472936
15183676479
18308431422
13456754057
13658173614
15183873843
15143580794
15183685484
18708148783
13658174043
13216412375
18345421597
15883680264
15700418202
13658177423
13205702442
13438375962
13658174235
13658172047
18383846754
18383802049
13886425708
15183688746
15183684038
13658176949
18272145955
18272146806
13658177524
15164576141
13451470662
13658173154
14552484417
13658163341
18272452246
15883673145
13658176446
18272452821
18272456754
15183676453
18381485931
13658163684
18272134961
15183683504
18345960463
18272142620
18272147772
18272454408
18381933419
15883674342
18384819781
15183685424
15982498560
13438167370
18383847541
18122053981
15282875124
18383848491
13419047446
13658174743
13658167245
15282881748
13658170124
15883416348
13483145641
15883649384
15246194796
18780098274
15883649844
15892482465
13658167439
18308410492
18308411849
18438524578
13836883749
13408137787
15226143715
18346608427
18240615692
18383848484
13658167874
15982944294
18224437260
18728045548
18280541484
13658173474
18383847954
18308434090
18308434366
18744552114
18783849449
13634591644
15283885174
17858427682
18458349263
18814862143
15883678441
15700413904
13658169854
15700415261
15707888996
15708901548
13658174442
18708163463
18383840974
18787008231
13261376949
13658172684
13261860432
15183683944
18843211564
13658175424
13261871564
13658166407
13269027094
13269063480
13269084479
13269711482
13269721694
15883672242
15183689482
18280536874
13943574408
18308417463
13282097428
18228048193
18228049251
18308431488
18728046473
13221728454
13614645547
18280142365
18308432540
18782258391
18280433867
18280451991
18280452083
18383847426
15928413312
18380644809
18383845424
18383847741
18728048455
15700426784
13843594002
18383845491
15700427451
18246935245
15044582914
15700427727
18383845346
13674354989
18383846481
18728047447
13408649497
18380641744
13936985946
18383846341
15731341811
15183685645
15700429774
13285704363
13282096745
15183683734
18780670435
13483436968
18780678646
18200428085
15183805240
18781041411
13007256435
18383838745
13007256849
18728048430
13282064873
13282064116
18782293290
18781041274
13117955895
18383847345
15183895004
13400417359
18728045147
18349377380
13295703624
18830346031
18383845495
18830346123
13487048798
15208246101
15071665124
13458677602
18728047374
18383846149
15926728143
18728042471
18283836294
18728048404
13400213798
18728047384
15004357545
18272124439
18272134881
13658175864
13658174146
18272145806
15824611782
18371374775
15183690048
15183675649
15183675764
13487067359
18428320180
15883678463
18246840265
14552613666
18224021178
13647139838
13971736446
18283841460
18380645064
13604456482
15183676754
15883678436
15090314398
15883673354
13843515494
15731341885
13658168848
13843599214
15037358370
15883678344
13658172417
13658174034
13419261082
15892541748
13658174549
15183685486
13658172244
13658171940
13658169447
14552614669
15183683842
15928140256
18383853864
