15731325475
13408676550
13438123165
13438123132
13463986515
18708128641
13971728277
13971743135
18772423701
13668316468
18280496596
18728043734
18772549994
15666446316
13408456681
13126777714
18227646989
18702815120
17858419502
13974679486
14556476366
15948424064
18443238434
14556640866
13403214621
18381347136
15700429531
14556472066
18224098537
18596073043
13126713224
18224091215
13261858418
13269706340
18283804883
15731328306
18224090155
18331338277
13408633415
13636104086
18349312585
18224087529
18224091551
18771593651
13282087148
18224087080
15281325941
15700427134
18224092838
18224089232
18224093537
18345914201
13658173435
13276579264
18308416074
18224065219
18384832761
13483182449
15971405018
13483170321
18224420687
14556642549
15044584249
18333411500
18224099851
18224413186
18308418047
13400112362
13251084293
13262392476
13483167774
15892489664
18481906781
13408665871
13845937461
18381815634
18782258979
18782256359
13269036430
15214601740
