15706598422
15707135311
13944213604
18249664492
15579584302
15707174871
15707888630
15708902401
15765875640
18402865343
15708942283
15708976990
18402815021
15708999415
15760078483
18328543674
15570328498
15884285644
15778999823
15828494828
15798935487
18402885031
18345406883
15798952461
15198149872
15828208345
18402883659
15844554939
15774371464
18443807745
13995904629
13894584397
15071677051
18383801447
15843515841
15071719946
18787105390
15144249153
15072721067
15072726679
15072728059
15926702028
18383833364
15096650756
15944269440
15926713091
15087025391
15926715046
15926724223
13804688340
15926730295
15926765761
18787006575
15096690219
15926771419
13483691965
15948602270
15971409704
15845897406
18771631483
13438192113
13483103573
15043279364
18345410921
18772449478
18772454078
13064514845
13483126741
13400119591
18215542177
15944504340
13255873534
13261803417
18782281814
13261835847
13483699748
13269050924
13269024704
15181010493
13022645219
13269703342
13438167198
18200450870
13463998587
18200477616
18200465319
18200443807
18744556415
18200499153
13269794514
13438339358
15066636440
13843519274
18444054305
18380144154
18380143588
18224027973
15144254563
18200462237
18746674179
15947963251
15981600784
18245963452
18804322924
18843213854
15948433647
18349330231
18349334325
13463887420
13483136350
13836975479
18381870493
13463870955
13483177659
13845907409
13175709924
15874634754
13463889342
18384859021
15289126315
13943271814
18380346170
18743278693
13456802247
13483158948
18443585457
13936854434
15024410234
15072721090
18443821315
18443821706
18443821798
15844509204
18443822189
18443822327
18443822557
15144298603
18443823201
18443822672
18443823661
15828202654
13438812747
15845956642
13483147308
18743553941
18443823753
18443825708
13944597048
13251088854
15844582341
18380410025
13550604901
18443827732
18443828192
18443828261
15928420929
13483678904
13766146406
18443828560
15776166174
18381945914
15947992069
18443828675
18443828790
18474690151
18443828951
18845920493
13117955341
18443829319
13451476994
18845916554
18444120683
13117955324
13438562373
13438565915
18404354410
18224061502
15143267961
13177951520
15144587346
13438570239
13117954805
13117953836
18244345627
15044241693
18384812814
13438571090
18482302954
13483162937
18343242361
18380414093
18282252134
18402890508
18481919389
15738724523
18246846680
14708016447
18302841791
18790795543
13408594304
18384829742
18402833846
15045923934
18481896228
18481944252
13944599472
13451476618
13438199010
13476739728
13469896814
18224062093
15144249704
15228843750
13477687535
13593658825
18271575350
13017745834
18200413761
13944211984
13402487396
18772383491
13408671411
18772481563
13483433372
18772558360
18702829832
15143588242
18200490305
15926714973
13596370824
13894203574
13451475552
13944211784
18349313382
18200423638
18224058782
13438375483
13483154594
13944241454
15144204193
15944243484
18308021794
13216277743
18200471256
18708025949
18708028640
18708090418
18708091867
18798922938
13483100472
13251080244
13022641923
18443574801
13483689367
18798991041
18798926158
18798992191
18383802746
15924168026
15988430486
18324407017
18458341192
13654353142
15273889463
13483686326
18343215359
18444039378
18200477621
18743293919
18746623431
13843285714
13844642024
13894715784
18333416577
18744274731
18444054190
15164592347
18704357742
19831354643
13483687206
13155714905
19831359243
13155710374
13155731948
13170836232
13658106743
13483192500
15144204423
13177567872
13177724594
13184673837
15164576140
15887092407
13438559261
15707139835
18246845573
15707174496
15708906695
15944241574
18245995194
15926779819
13943404128
13247020472
13408566327
15708977305
18224017087
15043582264
15778988040
13029696541
18474652967
13216057514
13282382384
13061401673
18380145316
17554192670
13945956547
15043580943
18304354008
13617133883
13636041493
13944214603
13687137028
15071668672
15071688590
15071679091
15071709980
15071710532
13105700474
15072740679
15765876964
15926722974
15926746250
18782244503
13157091584
15997389048
13157763646
13285705134
15043559945
13483668114
13261884278
13269074699
18783143415
13269726542
13221726164
18381922374
15092534479
15804359754
15948430420
18349327855
18349329304
18349397292
18481948362
13175727934
18345964439
18743280158
13644693470
13483438331
13483430749
15082240139
18843553484
18244348955
18328512415
18284344598
15834560241
18444042591
18444045627
13221704096
18782244434
15947994752
18444047605
18444048065
18444048249
13836742401
18328548947
18743295890
18380160470
13282096404
15143268428
18443828392
18443829519
15246182149
13483169817
18224045390
18804403394
18224010023
15171668464
18804407074
13674353492
18843832294
17858424618
13409786928
13943271324
13635834125
13636026543
13483180316
13636065022
15071684105
13419095035
15297393439
15982417625
15297394336
15297395440
18733743560
15114359462
18282963984
15706589728
13221702448
15706592810
15707139382
18843506294
13403318217
13402875036
15707197319
15708900607
15708901320
13936994419
15778999225
13057703740
13175676467
13658162364
13946902453
13980198964
18398890424
13255873074
13261854132
13261880490
15025145597
13704594476
18807467403
15887047533
13269718384
13269728504
18443830515
15069299472
15754440630
18443847650
15246199134
13116840935
13438557186
18787097490
13438560705
15144250323
15087175112
18788479548
15271624446
13731741038
15246196342
13483684931
15030884032
13845900143
13022640619
15297394140
18730794994
18830730914
18772444928
15287191742
13451499895
18224033505
15707174652
15707174974
15926788172
15071689881
15707197813
18787472396
15708978933
15718999826
15096682841
13262304920
13031725964
13057889844
13463962931
15087086483
18200417861
13248976443
13184403727
13409717670
13636115594
15708451946
13995948179
13995948846
15096690483
15887039343
15843248997
13483117271
13483422542
15928453100
18843204414
13438359604
15071699533
18787099346
15071707192
13596267824
15071712735
15071717542
15072725517
13936732146
15087143487
13944248124
15926774650
15093959725
18349377708
15926783390
13483684175
15971404586
18380406421
13175719443
15972874378
13282094310
18272455341
15144227994
13483164501
13483106744
18771614428
18772381202
13342963803
13403314829
13438336001
15283871294
15246181043
15181333541
18200476291
13843597384
18383847854
18380446485
13438176937
18380450954
13438125940
13261855546
13483697389
13408677479
15071692664
18408215924
13261893749
13408659070
13438172541
15834565540
13483114858
18408210103
13438134136
13269034651
13843514431
13269053419
13488951633
13408662573
13451484602
13408677181
13408489625
18408209255
13438122163
18202847783
13269771042
13269784198
13945624781
18408207472
15144552554
13408668427
18349348373
15144249353
18804320474
15144252343
18804321164
13469884408
18804323004
13402857244
18843217384
18481801916
13402499381
15845824640
13403311451
15844559246
13400115423
13463891180
13408659454
13409751278
13438553252
18200246023
13282099647
13483182198
13400211767
15706576214
15706578928
18708115642
13057933497
13157761409
13477663349
15926727936
18272140654
18272141827
18272453224
18772487392
13943239324
18408205669
13438302087
18408207552
18224033235
13483160468
18744246497
18302842628
15033684167
18349378963
18482378967
15183856174
18408207713
15297391426
13064563524
15707111011
13944603484
15707138381
15707888595
18443804513
18443588714
18200471223
15943505124
15143508743
13596274254
15844556314
13057974944
15943588474
15982496131
13409876462
13262417482
15708461454
13409934238
15883420499
13581263699
13669033102
15570326354
18380144275
13995929020
15072735730
13451476293
15071686860
13845926643
15926725016
18200457669
13175718401
15171336004
15926774598
15146365646
15926790037
18200453523
18772444268
13282052944
13438562821
18381836584
18200480571
18743273667
18380142147
15284827101
15044238113
18343555443
13261865413
18843200364
13269069864
15844283425
18345580943
18346648327
18481804032
18200461753
15928458513
13024396140
13225146442
18224000528
17137926534
18200491051
18349396512
13291373194
18224022393
15926725787
13483665091
15844580146
18380457352
15926727170
18843581645
13664353743
13674353849
18843583042
15844585446
13463977137
15844554206
18772394580
18772504980
13261379461
18744523243
18349183879
15208240673
13674351346
15143557247
15144585249
18744528741
13261834700
13261868234
15844552248
18843580247
15883626524
15283660480
13408443353
13282096486
13261873547
15844553347
18744528047
18843559747
13269034712
13269035540
18744520540
18744529940
15948601636
13269080413
15143554948
13285708394
18227110734
18381981934
18246911743
13269089475
13463879841
15844582048
15043551241
15844580945
13269704495
15143555447
15844586440
18772454738
15030880342
15030883401
13943290634
18830731433
18744523142
13483146221
18246924516
13483136934
15043583849
18843201734
15707111139
13704354341
15707135749
15707136830
13766140341
13766141947
13766140945
13694355941
18843588241
15708970436
18843551846
15708979544
18383835470
18596075267
13024682244
18428071090
18843553748
13894719284
13943538949
13943292734
15044588646
18381866384
18843554641
13483689662
13483176563
13766140447
13943409342
13943409745
18843587347
18843581945
13704354042
13282060463
13157086504
18843557949
18843580543
13636091756
15043586740
18843582945
13995946582
15884254286
18245903649
18843581249
18443572049
15044244013
13451481437
15072743079
13438182801
15043584148
18443572143
15926765831
18127097903
15926782161
13844655694
18271544209
18304354228
15243044394
15043584047
18444189661
13644359914
18443583841
15030712843
18200341881
13403315669
13116845948
13483438642
18481908698
18383845524
13261870164
13269077674
13463807746
18794895038
13269784142
15144551747
13165833549
13262386054
15843514140
13451482463
15044501346
13936992241
18244440894
18381967094
13882820714
18443247213
14702851612
18481800595
13630640664
18349342258
13403217441
18408213292
15828404641
15948479441
18349169791
15765877646
18443240290
18380134255
15926768292
18246924401
15926732665
13177729446
15997397474
15208245056
13944279543
18843207714
18843218064
13177729445
18381819250
18384819784
13982883134
18481907315
13438139768
18200347379
18328046068
18443821339
18443821523
13400316640
18443821983
13689632143
13177729541
13177729450
15043584842
18443822972
18384844780
18443822696
18443823179
13177729451
18443823685
13177729452
13155732492
18443825962
18443826169
15282884584
13177729334
18443826307
15982486133
18781983174
18443827710
13402822347
13117958076
13483107225
18443828032
18443828262
15928149811
13483666519
18443828860
18443829619
18443829780
13438380654
18444120638
13483695396
18444120891
18328545117
18380456824
17137926014
15982473832
15196339884
18804405794
13483152890
18224055921
18349153061
18328549175
18224073016
13483117006
18349103631
18380147100
13451483170
15846963346
18738230102
15828668741
13936742947
18349313146
18380457203
15982467891
18302842093
15982472837
15043558954
18280492006
13483117928
13483196008
13175714883
18349397795
13047921795
13133958263
15164565423
18402830543
18349133658
18380438412
13155711847
13170835060
13170838993
15982439901
13170839085
13177566378
15982472123
18380140203
13197859163
13438456802
15828418132
18215543907
15828214276
18349150278
15843235135
13451480128
15507923043
13483188118
15570247891
13483121580
18272459028
13936994473
15570322641
13022642943
18328543765
18349313824
13438347190
15570328046
15896824325
18349127321
13400218174
15944272242
15892462146
18215547323
18780149176
18224027668
13400416362
15843262097
13463111736
15776533224
18345523484
18200453679
15579202964
15883842034
15579203470
13409699268
15883647744
13463869828
18380452420
13483697984
18349153553
15828454892
15030796044
18215549712
18782435813
13550664640
13483439767
15297394127
15708440735
13403318306
15884533590
18328748387
18349344029
13438319729
18380124846
15297394817
18304598247
15297395714
18302846829
18830727405
18224028875
15706594027
15707136022
13408456028
15828436985
15707137724
15828201344
13403315245
15708940372
13438087625
18380423543
15708966638
15708976528
15045925294
13483427257
13483425823
13403314636
15828656463
18402884124
18408202054
15144254883
13438192019
15798935462
18782293475
17030611915
15798948250
13440048355
13836942695
13438477519
18380441522
13438180574
18282971204
13061249671
13210241693
18402883597
13262418412
15143867954
18745987476
18814795941
13483147859
13636102747
18402865589
13438334984
13403317460
18402895690
13669038632
13687136113
18349186591
15071663962
18380343733
15184426893
13400213928
15071676336
15183883436
15071688434
13408453334
18349184365
18380440164
15071714102
15071719438
13483132390
18328040859
15171604643
18349343997
15164596410
15926722749
18481906297
15971407310
18271531947
18408207504
13483158892
13438126279
13261854337
13261856476
13261864365
13261865446
18249604997
13261873174
13269054418
13408600030
13269084226
13269090482
18380121114
18380453354
13269704375
18200412881
18349188614
18224079558
18349353026
18380423283
13269771489
13175737426
13269724155
13269772455
13269715461
13269714288
13403210420
18402885740
18346648879
15828493852
18349303695
13438313204
13550611490
15069293145
18402885457
13438909985
18200248606
15043582049
15165969482
13483105973
13057794634
18804323404
18302848960
13402483448
13944605574
18215543691
13408461945
13091905934
13463851783
18481804640
18481804732
13402879736
18200340578
15982479168
18380449461
15844261493
18380408105
13488953031
18380441714
13419077461
15828674448
18444054142
18349107833
15828491581
15044217843
13483190253
13438898306
13483144947
13402815869
18224062839
15243230618
15947980959
13408663936
18804323014
18200406373
18843200604
17020626045
18302847870
18349343618
15243284212
15144250204
18224038735
15892488740
18343288244
13463998642
13843534132
13451471027
18349394480
13635833049
18349153280
18380407832
13483434701
18402865375
13636061830
18380646473
13668314194
13483105194
13451471553
17020671824
15708418862
13944214173
15071705316
15271611748
13463814651
18380448589
18402896729
15874634604
15926706396
15008343434
15828118541
13408011408
18302848280
15044586440
18384893404
13483150764
18349280296
18380407154
18380443950
18280498797
18443822003
15828206249
13936994170
15828199942
13483102957
18443822670
18328525944
18246926423
18443827178
18443825913
18380133248
13400313173
13678385847
18200420979
18443828259
18443828075
17137924064
18780092174
17020673757
18328549301
15828511347
15044665243
13400214932
18443890175
18224059895
18443890198
13408502302
17137924067
13836874281
15282882473
18444120819
18804408804
15143554349
13403315897
18343230307
13463962660
15183851584
18345544691
18380137429
15243233808
18349186924
15208472985
13550625704
18744550154
13451481563
15884289094
15982248896
13483123652
15828423631
13483196332
13483199644
14726501329
15143269818
15143594662
14726501927
18380446394
18380441721
18738238172
18200431092
13404037646
15044678913
18481916420
15883849684
15883846647
13936997401
13438110457
18202846595
18349332563
15844584805
13943584204
18782232811
13438333644
15828202984
18481909106
18224278424
18443580541
15104354894
13894726914
13943273014
13943284284
13483120807
15828423946
13419276711
15928428507
13483194649
18380458100
15143269351
15828419362
13451488738
15828515249
13403319042
13451494748
13451492696
15144217094
13944608854
18380446202
18380438405
13630604127
18308023908
18380145361
18380435344
13402819916
13402847471
13438303731
15243232821
18708095016
15982470787
13946980426
18380455594
15828418435
18380456299
13133959502
13117957068
18380439537
18743551654
13155714834
13483148805
13488920188
15828514584
13170838990
18380497367
15246115409
13170854906
13483160350
13689631648
18328546759
13408550587
13170952380
13177566260
18349343672
13177722430
13177729284
13408568129
18382247811
18408208721
15828204565
13483160492
18380135414
18328043192
18349313882
13438901763
18224015739
13408476643
18200458891
13184671627
13451498126
18345513416
13483161812
15570322408
15045973425
13635839683
13400110649
15570323374
15570326410
13804459424
18380422361
15570328434
18402830634
18349174298
13451485738
18200405725
15570349341
15579446968
15579203674
15828408229
15579447037
18200463289
13630648742
15243221137
18788455108
15579447106
18380143215
15579448509
15579449521
18380464368
18782288319
15828148340
18345406237
18380403043
18215540587
18383800944
15579455202
18380347536
15828490741
15944582049
15579456191
15828493860
13483421476
15579457157
13408546870
18200448600
18349310338
18443582486
15579514703
15579514726
15679294016
15183692431
18246840725
15828196479
18328523943
15828141829
15144200603
13843571450
13438330171
18224056786
