13483428497
15982415109
13483438755
13698182495
13483424332
13944213194
15039994761
13483664040
15144350934
15082241366
18308421834
18244341994
15196335624
18408214458
18244347238
13458984286
15694496720
15284814924
13408062982
13402819817
18349184494
17192124753
13084612752
13451481061
13438193992
15707166086
18328740575
15883611349
15883637347
15708902126
18444028408
13064534649
13483146508
13282094357
13075725345
13894584542
18281035046
18328506437
13483177653
18381010427
15843259351
15883616423
13698191471
13282073554
13943239284
13451486281
15883635240
15183829427
15883609748
13400215279
15883634247
13698190944
18380442436
13451491203
13451499874
13483691301
18349351406
15208145139
18402893488
13483136972
18346607641
18200411518
13483429578
15828425153
18200343972
18380157054
13483695987
15282890248
15982458712
18384807824
13483688684
13483141670
13944644191
13836741425
18843200174
15004597341
18443275992
13944211284
13451488702
18349169776
13463899847
18224021183
15043509642
18381357347
15181093481
13483425760
18381914053
13944614314
13456824656
18458341521
15183826485
15044207473
15707111329
18283850492
15707136330
18380454158
15982463919
13836762740
18381947493
13438493100
15707199626
15208147582
13403215476
15114390042
15708943578
18303130644
13936755745
15202845773
13483146247
18200430102
18408207425
13282084687
17136395949
17136399420
15183698624
18402890788
18402859005
13402487317
13221728417
13438815689
15146373413
18349110025
18402864285
13403312810
15982490879
13438306894
13451471705
13451477087
18349169270
15208243936
13282076814
13438173402
18349186609
15198147851
18200432930
18804354476
13483140934
13483152457
13483169914
13282085471
15982491292
18402831197
18402891351
13550664465
13483171547
13438335881
13483682676
13483685229
13221708848
18328746172
13463892968
15363405493
18280483387
13269728419
15144251964
15069231744
13403319762
13936737874
15114072060
18349184581
15208249626
13451498255
13408470420
13458519857
15183819524
15884296430
15124457504
18200242812
15948616527
18224063793
15948622461
13403213776
15948622437
15754421776
18328512453
18343292944
18383854143
13400415322
15114351464
13463897254
13285709547
13438045004
18244338434
17139327059
17192124260
18380154467
13400312114
18284345692
18482390433
18444028942
15281345034
18398734375
13275147034
15183694854
15183809647
13115864214
18349310730
17192124259
13185774232
18281034691
13216019094
15181005024
13262393649
17568943825
18474761331
17004750930
13403310601
15579448786
13451493991
13483143601
13483164485
13483420981
13483684929
18383830874
13483688655
15707137433
18349347970
18328041558
18402883089
15944230924
18402863951
18308449453
18200246921
18200403227
15718999315
15754421707
15708978974
13221704763
13483107256
13116844739
18303130643
13451485186
18383845247
15843518174
15114077861
18224053231
18402835298
13408024952
13402485706
15928402071
18349117577
15208245896
13402486327
18345581437
18408265337
13402487201
13904899426
13402492169
18402819495
18383847428
13458974617
15183855641
15144554229
18280535364
15208148639
13451480145
13451489092
13221704646
13282092164
13463816379
13483135252
13483147994
13596370624
18402879637
13483149558
18200345012
13483427743
18246914970
15928145513
13408505690
15114087609
18380142399
18302841239
15982499387
13486112303
15988455424
15043298283
18314857423
15208445003
18458243310
18814837196
13022642817
18814863784
15143263867
13216413231
15208241163
13463954374
15208442358
18328507149
13936954305
15948622897
15828184228
18236173779
13403217424
18380157064
13282065449
15363620703
18444019558
15208141657
17192124180
18444047940
15948650773
13844584281
18402879520
18384835291
18383854752
18402857445
13634325354
15883837674
13221704595
13456760347
18702894618
18127083220
17139328089
15224037751
18780023430
15114394648
15982460768
18380349286
18334376189
18457198374
18458205797
18458302374
18814857965
18443828773
13285701684
15804325412
15043292793
18444121172
15183872074
13451477293
17004750934
13451495923
13451499741
13483130675
15183875415
13483183345
15883661645
13282073409
15883664684
13483185392
13596240880
15143250205
13438338324
13438337943
15904350634
18844295274
15883652410
13438301397
13419249394
18304354275
15928146573
13689885854
18428317251
18380893413
18483160107
18380104340
18283134351
15143582624
13483434589
18281098437
15045945246
19831358559
13400210845
15202849590
13438173674
13400219433
13463814194
13944245534
18374175428
13578542014
13483111492
15982450728
13438301411
13403213380
18443248784
13944596421
18343550224
18349316079
15208340321
13221725486
13547398473
13438179284
13295701446
15284817346
15703132974
15183886304
13894714063
18784545554
15202846569
18284346131
13483106475
13024307472
13440168816
18383834747
15883661964
15183875474
13483430227
18804593404
13944230474
13403219270
18328522204
13408542362
13282078485
15183875242
15183875248
13451473155
18782412984
13451494315
15282890848
13550665348
13463817508
13936958642
13483111610
13451498177
13458492963
18349186475
15183885439
18745961475
15828124683
15928142586
15707135641
15707137780
15843215942
15708909401
15183895415
15708946201
13184404273
15114018251
15948600272
18284638714
15883650024
13654425852
18444027449
17136397425
15604958486
13400312057
18782281802
13438831306
13402486858
13451474880
15883662724
13463805778
13463984649
18200401860
13483102893
13483106872
13282083429
13285702924
13282062044
18200402285
15144253103
13216419762
13483177574
18380453534
13483671959
13483683574
13402488544
18349185648
18383800684
13836873401
15843586424
18482308721
13173501549
13483683097
18383852452
13403218472
13454488409
13836895426
15283854482
15924107521
15183844659
15988455104
13668302240
15183668534
18458142894
15834554110
13400214206
13463813273
18458408820
13285704954
18814861923
15143236591
15893816590
15948622853
15844584757
15948654363
15243226706
13483696523
13766197047
13285703524
18482344229
13483180875
15754402803
13451477915
18728496834
18444033176
18444035131
18444047689
18384834396
15143245354
15145970470
15948405434
13419252501
15984144904
13438309029
13844595041
13438337006
15144218613
13483174124
15114359124
13596239778
18383800174
13596226323
13400419958
15124325025
15044254159
18704320243
15124384273
18380401375
18383846334
15104359024
15843245308
13402483270
13936724586
18283832748
13630647072
13483145741
18383854711
13766184478
18343222313
13285702184
18343225303
13894533647
18345513441
18704352374
13483106994
18333416286
13458967438
13282092441
19831356054
19831358607
15283867024
13483117593
13291380554
15208241570
13400214853
13547415197
15281361714
13116843849
15183695940
13547048149
15837220546
13205703654
15183804845
13451474931
13845976640
13488923467
15124441224
18383833409
15104351428
13596353424
13894248803
15283859242
15144204273
15144253293
13843514871
15828649328
18308023875
18843223214
13440165438
13698193034
13458764802
18244345615
18284345076
18784545810
15196444724
15944589840
13157794392
13282072148
13400412606
13451479920
15181005431
18349184551
13451497170
13451499815
18383802840
13483141835
13483195356
13804656149
13438350921
18444018091
15707166142
15707174491
18345915461
15044206924
15708904804
15708905379
15708905770
13463898891
13221701474
13483183751
13483191645
15045878469
15144225074
13451480477
13628100984
18745936440
18200409017
15828204277
13451477620
13845920645
13216278548
15843220423
13451488384
13483196393
13483121549
13483132842
13483160235
13483433452
15845994041
13438336583
13463417996
15143592497
13216084626
13408469543
15928845295
13486157871
13486398359
13216296484
13836908042
15144285723
15214606385
15825510434
18349186945
15924127419
15988455452
18458244350
13634429924
18349161200
13402482646
15883818408
15982477115
15754443309
13943283084
18328745939
13216413647
18200429767
18374627949
15044217673
13483156931
18444047186
18444039228
13451485795
15104358294
15943542204
18444048957
15143241332
18328043035
15948606595
15948627686
18328045818
13282064707
17044703112
18200249028
18328547580
18738557080
15363092099
18042890708
15183843342
13282097479
15883843964
13269724605
15883426504
15844557645
15214601545
13269764050
13402816302
13547049496
13483195436
15082615149
15944273649
13438169794
13463988211
15944210474
18283170604
13463897621
18481947736
18483124209
18483137618
13894599438
15208247590
13463893411
18443828663
18443829215
15246143739
13463866041
15874641184
13463965010
13177561063
18380423191
13177567486
13483111245
13184682118
18349126596
13170831727
18780048868
13177568464
13483146182
13936728641
15579506867
17044705181
13463999715
15579448508
13483149011
15947988603
18743271321
15843247912
15570327040
15124325879
18381004168
18443283264
18443584376
18202842596
13451475482
15208245598
18224067062
18383839542
18280499231
13451496457
18381010428
13483131669
15183691410
13550614204
13674351415
13980195864
17044701265
18702839033
13408412492
18444027975
13833348293
13197870486
18443240754
13225147885
13282073452
13438502026
13558914041
18383833642
13624350447
13133853493
18349379340
13177565389
13483123785
15281342296
13177568729
15183693542
13216411402
15183805046
13197958453
13177562715
13295705645
13184672118
18308021247
13483677545
13458751088
13463974991
13177561236
13177561879
15843226243
18244346046
18244348369
13438163385
15944507764
13177563121
18444017556
13184671398
13463411417
18380450843
13483114344
13483138793
13184673889
13184671265
13483170579
13451475283
18224061535
13177568725
13255421129
15694410520
13116840267
15707111235
15708973108
13184672120
18458171802
18774448206
18390544212
13508268984
18303133149
18481916933
18328514473
13845957423
18343205612
18349378941
13408467804
15843245819
15843249768
13836786745
13936982484
13400213872
18349195205
18349313959
18380451157
15828490917
15844557749
13463896807
13285704782
13438327882
18224079350
13403311957
13451497155
18302849908
13451480719
18302849835
13463810559
13408035792
13483103442
13844225714
18328741059
13282064793
13483111791
13451487909
18380141533
13438374412
18224070315
18224068073
18328742175
13483148108
13486397824
15988415426
15883684414
17858422675
18728048454
13177568073
13550634649
17858427252
13438194385
15144580014
18458304742
18224056831
15892476084
15828224754
13658152646
15982470300
18383801492
13894228994
15982403587
18381010419
18380441606
13658177947
15765875482
13295700474
18224075596
18224070283
15008343544
18444048307
18224072037
15196889194
15225980215
18349310382
13269734535
13269778419
13408572852
13463969621
13419274187
18380406846
18380829334
13483151442
18784127641
15804359214
18349173516
15982466857
18280596614
18349117811
13408460932
15044582541
13456732148
15144227754
18328512741
18224066737
18380160124
18443827116
18443822263
13463897294
18328048093
15519482180
15828187994
13451472742
18380450686
13483137022
13483171476
13483107387
13295700524
13943592284
18380457206
15145995429
18380464313
15982468072
13177566773
13843514684
13282076504
15703134065
18345941842
18830346016
13451475623
15524743351
13547390801
13177568217
13282080417
18349978481
15982417018
18308023767
18781944009
13282064271
13091945054
13175674070
18349347169
13250884852
18200478653
15700645764
15982048257
18383853814
15621499590
15928475290
13402493426
13483133010
13483109178
13483196904
18380133848
18481917314
18224017531
18303131184
18380126347
13408412069
18224078893
13402481371
13402490870
13282064817
13402494297
15982472997
