15708949037
18272143074
15043296383
13936854417
15988425349
15988433284
15044264923
18383829104
15114051196
15703132544
15703134085
18830346197
18246845253
13836723461
18224001735
15208347850
18215643850
13704354804
13403316576
13022645287
13936984240
18380134674
13845904687
18346648053
13894710348
15754409273
18304324306
18444029365
18381003934
13402488360
15143207319
13451481461
15282447133
18302842258
18280574220
15689461780
13628073441
13628072741
13944215294
13944244964
13618100740
13618108426
13618105534
18246924867
13282054052
15143206352
13483178068
18444028168
13261827443
13438454947
13269731646
13269759499
13451483482
18444027179
15183816429
13408423837
13463993053
15183693643
13456821420
18280531429
18280544636
15183816754
18200423735
18843281143
15183818749
18243238053
18743257064
13628078548
15828204831
18280558664
13628100114
18227189964
18200540898
15183818243
18280594934
18343208358
18381873129
13657463042
18280593234
15843246841
15183825104
15183823184
15208145992
15144253013
18328517442
18843217364
15181049494
18284344335
13282052174
13409884024
15714428548
13628103843
18280594184
18383844957
18383853479
13262334056
18200480691
13456754850
13400213904
13486396537
15988434632
15183821524
18280594671
13628100454
15183822045
18280591441
15183822334
13483107191
18381914084
15044261483
17137567467
13843593184
15886274152
13568103140
15124439034
13843589404
18280599504
13400110187
18283806434
18383860964
18384899415
18404359324
13550658462
18245984403
13550654470
13400314598
13483665724
15183697564
13483696636
18280558471
13400214775
13451481870
15183800424
13463973745
13463982646
13257719718
13483161909
13483693761
18224019293
13400216434
13630631672
13463953252
18224001652
18774433408
13500988946
15246147327
15208457136
13269081464
13463957197
15981606421
18349385460
18202845710
15708949823
18215543202
18383802426
18200485193
17162764718
13402480362
13483673059
18280526405
18280582044
15144306171
18280564839
18443299763
18224028233
15183886047
13451484285
13944612894
15883662674
15883651490
15892479149
13282099416
15883633949
15944509314
13451481009
15183893664
18443890150
18782406144
13451477536
13483131079
18281094816
13483428029
13483423501
13483667554
13451491451
13403311317
13400315600
13483103617
18728465055
15883424414
15883428412
13658100114
18781929476
18383834384
13438369804
18444074986
15928478239
13419039004
15892477514
13944270484
15828654608
18443270998
18746620457
13458598697
15146365274
13400114542
13483689343
15884275470
15044581459
15144253724
13269786974
18343291194
13483691459
15707139639
15707866485
15708906108
15778999206
15924190961
13944629445
15143204272
13658179949
15843245497
13458697381
13894710912
18444046397
13456833945
15183692874
18489196225
15714420863
18404325327
13106168147
15707888633
15707888725
13438021353
18383804394
18814864287
18381334895
13550669343
18383830794
17137697445
13282766425
18383803904
13419277209
13766192408
13894580754
13408060742
13547049247
13438059504
13547048384
13404064829
18284646314
15884276144
15714421453
15884277408
15707136019
15884276604
18227142194
15708902718
18443279131
13261803274
13261805344
15883612487
18227140684
18227141449
13261853943
15092534757
17137522589
15924148977
18443270276
15144367074
13408146749
13458996442
15843248658
18227142149
15754411852
18746619471
13458975643
18343552480
18444018397
18444047446
19831353051
13547041432
18443822506
18443827083
13547047148
18443829291
13894245773
18224052071
15948622472
18248468303
18846692148
18745964013
18711832438
13483421056
15707136312
15707166143
15708904943
18383834343
13596241875
13438338028
18308449806
13644698426
18444028396
15824115071
18383828949
13550626424
18482369331
13668317451
15282890440
15703132541
18380447210
18200547281
13628101774
13618109424
13604670415
13282084531
15892478247
18281010744
18345403916
18843200664
18444048291
18349343362
13408433201
18846648943
15874642414
18304401054
18443823098
13419283645
18349379097
18843830864
15754413548
18328503641
18746674359
15948583044
13894209784
13400212998
13221704935
13282072429
13456815366
18383846425
18458247269
15096684186
15714427217
13034225464
18224060337
18200406072
13221705424
18390588514
18200406193
18200473098
18782106704
18443822037
18443822152
18238541050
18483647631
15754442042
15143265365
15948619703
18333416172
18349127380
15843241879
15928047713
18224060201
18200412009
13483129942
13483102552
13936834835
13400417112
13419274125
13463117274
13483680792
18483123491
19831354560
13400213171
13419277525
18483107824
15196445862
15228846725
15943582546
15045972412
15708970709
13882861674
13403310639
18200426956
15124417084
15824670974
18458185733
15228949980
15228949181
15281040869
15228840973
18200453259
15228849863
18383831540
15774304394
15982240853
18349126711
15202843915
18782271176
15183811410
13438812532
18349377802
18482314358
15228842871
15228846593
15208497703
13282054524
15947987463
15928473595
13408032718
13483174229
15834551645
18224082337
18380147020
18349379821
16678544283
18481919336
15707888945
15708904372
18349107577
15718999118
13261864406
13269078034
13269081254
13438851539
15124321008
15884274362
18227141437
15884274986
13451499820
18458347234
15884274682
13458997840
15884274482
18408205887
15884276274
