13618107584
13483106283
18830345026
18280589274
18280597274
15182646985
18280586844
18830346130
18280594448
15281329474
17150805126
13282066448
15284808707
18744238373
15183808494
15183815947
13844594213
15183825483
18280536604
15284828441
18280589143
13550653474
18280586644
13618101448
13483426563
13483154571
13644476412
18280594879
15183825124
18782054057
13628104447
18280552476
17023528026
18281004838
15281498915
18280532486
13944211364
15844554986
18708025115
15707138617
15183821429
15183822482
15708970015
15718988401
18343559134
13766195435
13843593471
15708970705
13400315897
13451474475
15708902740
15708979146
