13409743648
13438552344
13175745918
18407431220
18380414267
13419070470
18444026129
18402864039
15182634823
13943576494
15621529954
13596359162
18308421145
18483621318
15181021774
15928451889
13936899465
15144204803
13704669745
13185773040
18200145635
13261858466
15708905217
18482376126
15143850624
15928458358
18381901714
13483684736
18224002772
16678544072
18383844882
13057791934
13400418174
18380148203
18483650277
13634591451
15926709561
18481901575
15164550349
13943591486
15030883504
13458567379
15146372641
13894210969
18744239623
18402861056
13170830905
15043874364
15114070335
18349195253
15243224036
18482363919
18783103674
18224036571
15144283193
13946986462
15948648442
18381913547
18224033205
13463970558
13483104313
15947986472
18783103443
15208481503
15708966246
15778999636
13400210129
13269794603
13483184945
13943285134
13943285164
15928476128
18237233564
13155711405
13408569174
13844228994
18481945928
15828199143
13116848493
13458523596
18444121370
13463870650
13483190132
13483127765
18782226684
15947961252
13945981429
15947988691
13937270432
15982409782
15928470219
18202849156
15982349502
15183691884
18215542398
13894720814
13282065404
15570345458
15579202114
18224008769
18224043906
18380641423
15289129863
13483145549
18224030785
18224031090
13946976374
18200549206
13057718432
13285706284
18458245300
18814881782
18380646847
18380143146
15844554479
13216278543
18380148750
15228949606
18444054346
18477605504
18744559449
13943575045
15843230402
18481955747
13944591548
13483437454
13944583240
15804357440
15883639343
13024681650
15834551143
15804357849
13400418986
13057712442
18744554048
15208482885
18783133423
18483644004
