15570327347
13944674681
18346686460
13982888744
18349350543
13402811394
15182646461
18845919284
13438341934
15588540042
13944245104
15928492592
15948400664
13438844532
18349386283
13175747169
18380423603
14726112975
18402811742
13105489654
15776166443
18343280574
18679211654
13438853913
18458409926
18200149280
13668304324
15073845915
13463989146
13731743153
15928540520
18443807870
13282054096
15037259401
18780084197
13943284664
13458572764
15982497263
13483127844
18349135776
15228945981
13402494489
15988425714
18200496397
15754439975
18428090361
13476682148
18846648747
18771664638
18380449768
15165995946
18215643032
18843223894
18402857298
15196445132
13483437869
18482399379
18481947277
18482382236
13596385795
18349138757
13115874901
18345415057
13451475169
18380641445
18224003393
13269750145
18224033561
18481949937
13177569236
14736017303
13483137985
18224036173
18481901746
18843202074
13688293450
13400419820
15579527698
13483132653
15579842407
13403310456
18380424987
13402495373
15825515411
18383834436
13400110801
18443276143
18224021563
13451494910
18244340426
13451497757
15708908677
15845946801
13451494741
13463966820
18481945721
13483162484
13451489067
13261868481
17139326095
13483665093
15144224384
13400419713
13155712034
13451483258
13155711914
15282446890
18781918695
18781972625
13945973407
18381881392
18349350504
15124413794
18345424989
13247020141
13483179696
15579521004
13483434854
18679213984
13451496047
18443890151
13451478202
13463805905
13483113685
13463959987
13403314312
18244343490
15183673224
13596381724
13483421575
15004355742
19831358670
15144558646
18317346065
18343551340
15045973426
18481890135
18224016373
13882812964
18224037380
15143291739
18224038227
15144291983
15507921664
15843214813
15570328461
18481940619
15579527679
18215547209
18308095166
18224022536
18343296383
18202849981
13944698045
18200542036
13084615046
18200479135
13894535408
18224025268
15283125545
15208479771
18783104522
15228843521
18215640907
18200547281
18338917528
13894714263
18215548082
18408281339
15708901913
13451477250
13458162140
13216274425
15143267398
18215547763
15283876483
18380141288
18794865803
13944216264
15208493927
15144219713
15944501534
18708025714
15208490583
13261852540
18200542957
18381899537
18482329664
18398872985
15846937469
15043245642
15982346376
13943401842
15124401786
15144552348
15044233053
15883652453
13463853787
15283639884
13668318634
15825514341
13105847065
18458220105
18782209635
15928479525
18743261750
18328522054
13075733034
18280562648
13990204455
18402860674
