13894548485
13604674284
18780694061
18783130451
13419282503
18483104973
15700413771
15700414714
18483105542
13945904767
18483109594
13487069767
13627181029
15982049951
13636108272
18708104430
15926708770
18200428708
15144228454
15184440706
15945924820
13463877347
13483682412
15997394440
18328540690
15045924105
15997320920
15694417395
17192126091
15982847551
15183809473
13116841852
13400418428
15828219614
18380148769
18249695694
13837218685
13943270424
18380446137
18439204873
13944278763
13944235574
18227140428
15928643101
13404658674
13619034774
13778900184
15283570143
18443213451
15143594176
15143266670
13618917842
15734657846
15928848381
15928493575
15928541527
13668301464
13170835039
18380452633
13197850379
17192126074
15928483898
13894219684
15044216893
15570324046
15570346264
13247022148
18380445892
15928848250
15579501138
18200458059
13175734142
18380407032
15928492767
15928541205
15708460443
15579525104
13483128985
15579834615
18380151342
18383801047
18481903293
18283808434
18443826286
18443826792
13944229274
18843224184
17192126072
18481802437
15114086370
15143216461
18383844454
15143243279
13634661449
15398940742
13946995413
13644427004
18443589941
15082454831
13451489468
15982148668
18744527452
15214612627
18381931584
18804354843
18481914976
18224077227
18843554730
15143504353
13990222045
18443583734
18744557249
13469939298
13463871309
15044558824
18843501438
15981604879
18380646447
15072727050
15926769375
15926797527
15971400392
18771664238
13408059385
14702851331
18443585214
13251084893
15828137946
15928496537
18124010381
18246936406
18743557841
18245940446
18304350041
18124703747
15834552940
17137573532
15944238994
13463974395
18744554101
18744554401
18200447600
18743558946
18202840658
18215543190
15183871241
18224002015
15183894554
18224009789
13634572749
15883654448
18224057077
18383838423
18782142689
18349352981
15982347363
