18304350394
18200446608
18481913849
15714327713
15983089475
15144255454
18783108624
15700414967
18483121646
15943541264
13419276923
15982141857
13463872164
13451492842
18224067758
13483128635
18402886853
13636136953
15181098455
13419273817
13451482853
18272450618
15828408114
13704899413
18380347559
15947986545
18383828438
18280546041
15069216284
18328539488
19831355152
18380435542
13463811058
18302849506
15144251783
18380439617
18843204404
13400211512
15982048702
13936989245
18224007350
13483183868
15570322447
13285703496
15928947532
15982478156
15928941207
18124655654
15928479529
18443804413
15928545311
15726765423
15928949062
15114309624
15982847727
13064170216
15928946939
15928643010
13177584849
15928492969
18408218681
13184670896
15044554917
15282891954
15114088725
18781917447
15579441568
18380423122
15579447939
13282094409
13184672050
15579519170
15928843532
18349113016
15579527565
15928847378
15579834661
18380423044
15828423109
15928546927
18679214174
13596296514
18443822859
15579448963
13944278304
18443826907
15708442779
13133782968
15570323384
18444121215
18444121353
18481917069
18383850497
15183692074
18782081686
18702835262
13483111095
15844264028
18333416396
15878649787
15164448428
15144586341
17150800729
13483185120
18200465550
18224031850
13596365864
15208247397
15228848198
13596261414
13282094113
18381495642
13017749521
18704350924
18381861434
18744553274
18384834989
13463957471
15282887241
18743554849
18782022403
18349751088
13843593419
13636026070
18744524642
13647132977
13458671844
18743557748
13157081764
15114032175
18383845534
15828664623
15944584679
15884517202
15246143512
18246933409
15928541571
15982462771
15982420911
13451471732
18743553740
18200412065
13483117137
18443572743
13047921332
18200438906
18481894925
13451493177
15579527503
18200547190
13483158443
15043265643
15844582409
15883663034
15183892704
13116844781
18224017563
18224023060
13251088164
18380445014
13483696904
18349312432
13155710451
13155712064
15579828470
15183810324
15928542775
13177562936
18349382007
18380134410
15025122955
18702885369
18702880643
18728457780
18782092204
18380138412
18380144921
13630635967
13483687995
18482386749
18702865010
18746623014
13216418368
13936738482
13400410641
13486397707
15825543040
18444178715
13943290894
13022642135
15845945467
18337225472
18245914786
18383844348
13944581241
18843551047
18345544921
15144558443
13408418076
13944594746
13133789636
13944597840
15143596143
13402484533
15982421178
13177568595
15004357547
18744523445
13133953810
13400219241
13184670282
15143556643
13483126185
13483104936
15844581746
13483149800
13451497343
13944220914
18383834610
18744553249
13184670558
13936744769
13184681460
18224009526
15143594143
13488955271
13463862214
13237029184
15144555749
15570322443
13403313259
18843588346
13022643192
18744523846
15570323984
15844580046
18200433791
15570324076
15570324743
18245884194
15144551749
13845934467
18744552447
18704351547
18246914763
13483664613
15183696734
15570327457
18744526143
13596295864
15844581748
15843244281
15144555241
13844545484
15143597043
13451481909
15144550949
15579067204
15579201984
15143554045
18380449501
13483693651
15579443185
15579446267
15845994419
15844580649
13463978607
15843245470
18744528743
13463861252
13944608353
15844581440
15844553243
15143599040
15143594941
15804358546
15579529205
15579531643
15143595440
15579575504
18245994096
15144555145
15144558241
15579598458
15144555742
15579833794
15281040903
13017743197
15143599243
13400416845
15144551841
15679245429
13483432845
15982347723
15143596640
18136319743
15143598340
13408447124
15144219693
15570326474
18482304074
15004583046
15004350845
15043504340
18343232481
13843580469
15004355641
13944587647
18343241359
13944546140
13944547346
18744559047
15114037880
13463892419
13944548043
18744295924
18744550994
15004355741
15144553741
13944583248
15004357342
13483664032
15214601487
13550637415
13463968741
18224025170
15144550646
15004352649
13184402008
15844264771
15883637547
15143216238
15143216307
15208001373
15143217480
15302409979
15043502843
15302969109
15776166754
15398940036
13944592940
15928541797
13451485773
15043500342
15144552043
15043504741
17192126078
18304350084
13944585548
18404354797
13451490881
15924108535
18334396295
15004354143
18458248213
18814862224
13944588547
18345579436
18383844736
15886232480
13981097814
15144557048
15708202084
18349785043
18200405701
13907760704
15044213853
15945922459
15708443631
15164447124
15143299360
13944599842
18380438971
15228029014
15834880104
18481943112
15004356647
15082247547
18481891242
13024680327
15043295713
18888468664
13843577224
18208284535
18381875747
18380846244
15004351245
18381883153
15144551949
18384862527
15579834862
18384871405
13419240819
13944597441
13944598043
13944599841
15143501014
18384889874
18481944308
18780644434
15004355845
18744522646
13943401048
13408677907
18702882170
15144553346
15708489883
15926753742
15143599941
15926735204
13844598415
18744554641
15143594247
18843283513
15982408213
15144227314
15844553942
13844659154
18782271514
13483181537
15143599241
13022681540
13483676962
15834551446
13029694562
15044585242
13057986747
15844583140
15844581446
13483129607
18744550745
18408224946
15196446296
13483106532
15144555945
13157739495
15844584140
15143598540
18443587446
18244340145
15282441959
15144558245
18744523046
15708940573
15708949704
15708971416
18383838499
15143557342
13596296114
15708999913
15845897417
15700419901
13483435982
15143594348
15143594140
15144551448
15804358245
15144551549
15144552742
15700420591
15143599740
15700422431
15700421672
15143595442
15947992612
13894546469
15665790572
15143593948
16678542327
13419270425
15144554849
18208298524
13804651941
15144555349
15834551943
18283136453
18744525243
18227234263
13644470583
18782409246
13017745127
15146340462
13438073532
15843232102
13282095840
13795929741
15843236163
13943272354
13894218424
15754442002
18783100149
18780694372
18783109487
18783124874
18783126346
15143595949
18783134787
18744525242
18783127243
13894714053
15183805457
15224012644
13400312465
13943597040
15825518741
18334308624
15144551842
15828405407
13483687704
18744557143
13694358146
18744557548
13403315057
13943538645
13946980442
18814861562
13943408143
13766142445
13766142443
18744558846
13936993427
13402874008
13620745043
18782099764
18443216292
13261810401
15570326534
13944594830
13261886048
13269068304
18404354807
15144218413
15944240514
13463813337
13184403692
13269709498
18249664267
13269713684
15044556164
13269735534
13438379702
18744528143
15165937874
18444014162
14707258718
13419273811
15071699261
18483122546
18483120949
15072730949
15971403348
13403319804
15143201339
15124413513
15143201408
15834562547
15143203478
13221702438
13624350545
15143288141
15143202075
15714323493
15883833643
15204352040
15114358249
18343288974
15570322423
18343289664
15982845912
15144589049
15843510247
15114300649
13216417289
