13170837125
17137697947
13105846839
13404075153
15145977469
13451484365
13400411624
13419282672
13419282656
13419282779
13438159123
13419282519
18444025087
13419282524
13419282817
15982492302
13698184354
18374699746
13403312201
15043230160
15124418573
15143252790
15183853364
15714420553
13694608947
18328515264
18743260837
15208490320
18746618496
13177569239
15045953742
13177569256
18224028512
18224016937
18743268795
15208488798
18443580043
18281075247
13451474289
18343297553
13269753497
15144278753
13438851731
18746674463
15165953491
13674355094
13451484090
13221863334
13946980420
13408499635
13170831156
18782253257
13694609743
15208490339
18281069245
15982492239
15708942574
18383834035
15196343408
18845920141
13550641470
15045924436
13440013527
15884275496
13833344048
15703130934
15928451837
18200496815
13483430627
13064503314
15208490538
15208462101
13282736514
13285707498
18404357340
17154905820
13943286764
18380412223
18381486891
15944214774
15243299294
18200462715
13282084251
13483100284
18843218834
15804357241
18702888643
18343216087
18343215420
13945979459
18444018256
13295708364
15928948291
18444048708
18444048846
18743234364
13022641921
18481896473
15892468614
18200483397
18780091477
19831352749
13175729049
15883816794
18380422682
15144375443
13483141072
15982487721
13451477584
13944586041
15844582746
13943296904
13628071423
13596378796
13628071964
18749370236
18280571489
18244336418
13618106634
13400414274
18244343801
18443279196
13618107684
15196499514
15579449116
13596370884
13628073240
13628073574
18280580409
18280561346
13943406534
18280564034
13944231394
13944239904
18280535416
18397494412
18280552443
13936840480
13936985430
13836884831
13022647230
13628076834
15144218283
18280526664
13105709994
18280564918
15144219663
15144227414
15944222384
13483162571
13483120975
13596239738
15143250696
13614662403
13483141629
18280559954
15243282273
18280551494
18349350375
18280534876
13483681824
18280539491
18380419014
18345505426
18743269116
13438569586
15124448564
15124458684
18444028375
13403318136
15183803485
15183821459
13261810745
13261826247
13658104168
15845946630
13261880274
13488927986
15183817436
15246196470
15943546414
18280535418
13269079458
13628103341
18280596348
13269089624
13269714304
18383861144
18280592475
15982412209
18343292423
18280564926
15183817549
13282067604
15183821480
15143583418
18304354658
15183698841
15183825487
15183818241
13486398017
15988433490
17150804228
13944584082
18280542994
15707139189
13618100647
15708902645
15708944183
13483156346
15143598841
15708944781
13618108004
15708945770
15708973531
15183879435
13628105654
15754436412
18745932430
18782287842
18304359475
18280536419
15183818134
17004754164
13033636324
13628072524
13057895942
13057818432
13262307430
13017745331
18843210134
18383849447
13843588224
13604679417
18280564599
13943249064
13894588424
13419003494
13844291564
15124368754
13689622764
15884277485
15944237554
18383861924
13944254083
13451497245
13400217541
15579844665
18281006643
18444046545
18383861420
13547049740
18281001184
15124328481
13844229874
15143205340
18843203714
13550658645
15144368864
15144377673
18280598844
15183822743
18383861324
15883428646
13463980978
18383830498
13628103974
19831354772
18782408650
13463872631
13463979534
18227107049
15183898624
18380442673
15988464379
13419299703
18383861418
18328529402
13628073440
13282064523
18843201034
13943404774
15183820047
13628101459
15845822542
13438618177
15183823431
13618101467
15124422083
13438193703
13483695930
15183825924
15183821413
13944216674
13628075341
15114037087
17045026724
13654420379
18280596456
15143202250
18384842703
15183823704
13400315564
18343290253
18443243883
15183823264
18444027585
13057907342
13057986324
15183825946
18845919354
15183822044
13075791843
13115828840
13216074041
15183817542
13628077344
13282714632
18281000417
13628075445
15144248553
15765877045
13628100464
13844589240
15924177531
18458176909
18458212720
13628078432
18458241171
15708906593
15183821454
13458358985
13618105945
13175714403
15181347980
13618104344
15284817528
15183821904
13578534514
15754442706
15883846042
13628077343
18383859424
13017821401
13550654479
13024714892
15884281403
13285774552
18482278687
15944270102
18780184344
13550657084
13403214267
13628078744
13550654074
13704356934
18200342320
18280570004
15183818547
13157093457
18782238917
18380438450
18281004477
18281034762
15843512694
13483693638
15183696641
13843594564
13451488571
13618107412
13483178023
13894700103
18383861944
13568575744
15124309912
18383837248
13618106240
15984939410
13175731498
13483431454
13017740383
13944238294
15843252261
15754439026
18444048998
18743295098
15183823324
15114306874
13550657824
15214607105
13463884583
13463959282
15183816841
13628104412
18283822741
19831356719
18200436295
19831359939
13216417002
18458187397
18482392202
13596365584
18814863255
18246924070
18280599459
18280576674
13400315142
18280594423
13483150524
13483199652
15183697514
15843230176
13628101304
15183697045
13504677940
18380435460
15183808430
13689625454
18380407724
15183806904
18280556413
18397493547
13451474763
15884274910
15944234754
13451496084
15804327512
13628103164
13628105874
13451499856
18280544203
13463811135
13463814079
13463977425
15228947689
15208340572
13463877950
18843214754
15208341116
13463997987
13483100338
18227142214
13483101557
13483156504
13463807054
13483180585
13483181965
13483681272
18349302790
15143592394
15982848878
18380148166
13483696015
15982490315
18745924872
13483689015
13483129108
15114304957
13936718194
19831359318
18224016961
13451489667
18215646115
13261384123
13105845131
13040200483
18224027006
13943273104
13944227604
13944272914
18845918146
15714429297
18200418709
15843247193
15844589145
18774444701
18380144575
15208461561
15843587743
13261374808
13261383433
13261855784
13269062489
15982480609
13463809853
18215543703
18202847767
18202847268
15228946917
15924185387
13804652491
18334308559
18458193229
18843205524
13500953429
18380144434
13463113994
15708979217
15008147183
15281394773
15044628334
15883424692
13483684953
18380408315
13483436253
15283861432
13833344581
18781914591
15828226401
13403319092
13845907451
15144554364
17162764657
15124306659
15124400706
18380160489
18224013212
18843217864
15143205759
13438287042
18280580614
15144293073
15144377793
15943581614
15843251216
17004757065
15183816403
13483142458
15883654174
13463952049
13486395929
18458241713
15043583547
18380435764
13451495403
15114308941
18383835747
18383833246
13689623649
18281070455
15981604404
13438308659
15183878884
18383829884
15883654140
15183892450
15183880264
18383831645
13483685724
13451475915
15883423134
13403313982
13836768684
15144252823
15883424843
13483148743
13483182231
15892477485
13483421431
13400119893
13451478801
18780144052
13483124156
18328543049
18383834281
13483134391
18283804091
15892480499
19831356548
13483142280
16678544731
13844270693
15754425247
18444026847
13943238934
13944217354
18328544581
15883423540
14702851632
13578586124
15143594069
13596245110
13438903056
15143252618
15144201953
18773816418
15884274387
13269052745
15846918241
17197237418
18380118524
13175714045
18283818154
15136747965
18443261453
15707138972
15708909006
15708948336
15708972003
13282061474
18843207094
13402488214
15988424464
18458403457
15284830268
13057886640
13451485347
13936958749
13483136134
15143207285
13483142020
13766191374
15043583429
15144550423
18478213012
15873849067
18383833478
18444018636
18444047547
13175723148
17044701293
18458240755
13843594401
13844540460
18443589824
18328545503
18328549160
13630606074
13404036455
15243282423
18443212991
18443279829
15204323643
15243219012
18343294413
13282055044
13269091154
13269705438
15069299544
15707137430
15707138534
15707188329
15707188720
15708948841
15708971634
13438036129
13486161083
18383803648
15988460343
18281028457
18283804714
18458300784
18282954304
18383830408
13419007341
18384820683
18398878329
15703131934
13057784956
13547047480
18227141441
13547043942
15884274745
15714423362
15884274437
18444075874
15707135628
15708902028
15708909204
13419005461
13547048142
15708975927
13419013784
18227141064
18227140854
13261830345
13458998413
13269031438
13269074172
15884274933
18227140843
13456755046
15988444879
18248461334
15124374393
15144318613
13547045485
13262362749
15884274397
13628078941
15183818514
15124308360
13547042848
13547043469
15143245801
15884276645
13547045428
13936871464
18443281914
13766142421
15883427408
15884274801
13419016449
18483664279
18328046962
15754430321
15884277324
13547046541
15884274463
13630643849
13483138400
15754443615
18444020835
13419015450
18444047285
13547040433
13438492863
19831355719
15944270292
18345964297
18443822069
15183801914
15884274931
18443829153
15884275471
18380437638
15884276614
13458991400
13944604314
18744684724
15884275741
18227140784
18308421046
18782252227
15082248852
13408568517
13483664725
13091986954
15883664894
13261864057
15143269137
13483189704
15202842738
18383854723
15164524579
18745946902
18334396734
15776166942
18458346885
18458404109
15283853604
18281073542
18443214058
15883843541
13438304982
15214612089
15570326748
15208348930
13419288362
15196347114
13483149823
15043238324
13894710552
13624429502
15948604963
18200412028
13894591481
15947991915
13438304860
15183804478
15883632194
13658109344
18383852944
13451478834
18804324594
18443227418
18774459411
13404063739
18349317238
15708901628
15708495631
13654493942
13216292450
15114391471
15988424078
18200453080
15282804584
15640861280
18443214285
13843594143
13778903249
15144226294
18200466682
13483685612
13843517425
18444087250
18200340525
