15948421634
13438811019
18224069829
13658168764
18383855439
19925160964
13461474115
15928646110
15902843150
18443804610
18200246652
18200472355
13408585233
13458965045
15183860418
18380113740
18328546347
18380411669
17137528047
18349321561
15183887949
15183894435
18224017128
13438491767
18272453819
18788175241
13636090106
18780695422
18783108214
18783132042
18783134342
15700413062
19831355317
13456805474
17150802862
15828408742
17150803562
15224014913
15988450204
15883690463
18380144391
13658107456
18380348753
18224457623
15886286734
15981121714
15981133904
18272124436
15928940316
18272134694
18280401132
18349342668
18272144561
13126713407
18380443580
13261394254
13261819248
17057914499
13269035544
13269082142
17007265584
17150803558
18200483593
13932336891
18230137016
18333403589
18331377611
15911583341
15828655043
19831349245
18380447195
13463803408
13483129181
13944546004
17329513021
17727514773
15884284246
18444189276
13461470334
18227111487
18227177664
15884279914
13461490091
14726508307
15282897047
18443804486
13404691913
13419032942
15044608634
13419039669
13419036714
15183865354
15183896427
15183897324
15881475249
15883652406
15883655465
15883655948
15892485441
15984903443
18383806456
18227649819
18228042636
18228043832
18123637717
18345964149
18708132364
18224075818
13836979043
18481914835
18780669425
13458574104
18280594446
18783134749
13282074418
15984910435
18334398079
18728045504
18243294090
15524745403
15892474338
18272145060
13295709964
18371374696
13463884706
13483660244
13282093074
14726505218
15045898049
18380437096
13547047541
13461479550
13282063714
15183878480
15183879469
15183890394
13483198134
13216414030
18743230347
18280430097
13409734748
13636045847
17057914596
14707253528
13483171464
13804450438
15071697015
18380456899
15926773075
15926774363
15926729053
18345406531
15971401148
13483690287
18482024165
18272124314
18272124452
18272134020
15908147030
18308430427
18272452409
18308418452
18383848649
18272455905
18331341264
18783169594
18244411453
18308434023
18308434184
17057914610
18781048074
18782213507
13704668476
13614660841
13995943108
15183821148
15828204743
15943502448
15988419423
18482039007
18728047431
18787470047
13568114496
13438111662
18444090645
18200449178
18200408862
18200425513
15982463351
18200447229
15078197137
18328543794
17878642637
13438175465
18443358026
18477604474
15302934507
15982840962
15283864437
15625495569
18402881257
13658165438
18782256874
18281061945
18402860326
15944587354
13483677471
13843584808
15044554249
18402860812
13024336341
15883679254
15114300424
13282074658
18402862550
18738312154
18481906107
18280573409
13282083084
13486395255
15044501482
18380145583
18345402865
15183898416
18782262813
13438146057
18200487152
13402885648
15114075869
15363978819
15044587148
15981269793
18443257873
14702851560
13766773401
18345410150
18333412150
15183685045
19831356173
19831353896
18349351781
18380437120
19831358634
18224405972
15928409712
18787091073
13486396106
13458562397
13438857035
14702851657
18200477922
15928416919
18383838084
15224074718
18380114783
18380444126
18345916480
15824408045
15281043762
15924144509
15928143096
13438345077
18224052732
15982459738
18345942643
18380141316
18334397240
17094878992
18200475297
18349185736
18380138504
18349377906
15214606889
15198137549
13904868490
