18345544561
18661640664
18444029936
13419019284
17001585917
15883625041
15183881412
18200452539
15282880864
18704354621
15881474747
15883657148
15281374209
13882825284
15903881675
13269713433
13269724036
15981608461
15708973074
15778999840
15044584782
13185870084
19831356753
17137529947
18780674594
18443584185
15844584842
18780693914
15944584162
18334397820
18458171239
15843516425
15981607497
13628075743
13943299414
18443589774
15944220294
13419038748
15144558461
15282877949
13419282918
13419282938
15883433640
13419282351
13419282326
13419274423
18483106431
15984902740
15984924015
13419278024
15984935492
13419285112
18308412443
18743280937
13269060045
18481917355
17137523697
13882848924
15984946641
15707866586
15707866839
15708970172
15708999635
18200499386
15903097210
18244340396
18244341661
13408026503
13029693042
18244419974
13285773064
18774444005
13024394716
18349389603
18349380839
18349381307
18783107346
18349381738
18783129426
18349380706
18380414073
18349391420
18380403418
13115826064
18349379837
18349377337
17023528263
18349390241
13123988534
18380422159
