15124320829
13451495429
18782294359
18443565748
15982423527
13483693828
13282054846
13419042524
13438036587
15144250813
15183864747
18383833274
15181046414
18843556064
15884286324
18245880435
15183890944
15881472894
15883651431
15883426194
13438359825
13463954884
13945989481
15984931747
18308414149
13550636498
18383804837
18383806240
18281070044
13845923649
18383839664
18754614451
13578530484
13483686311
18383830478
15737332794
18283810440
13269085954
13269734715
13400415717
15165953431
15708909049
15708949437
18283824817
18383854591
15181344824
18283800403
18281094234
18245986485
13419080822
