13408637147
15008113142
18303134243
18408266561
15570327224
17137568848
13483115929
15562525819
15665713893
18554956735
15183825480
13463805416
15183863594
15144555842
18380423814
15183894943
13408584381
15282867347
15282867439
13438156795
18380413568
15004583649
15282874845
13458671397
18782045089
13463800628
13483172802
15282879514
13438053853
15282881584
18482297234
15282882044
13483684733
18380144238
18202848703
18200541961
15883844195
15043291383
15834562147
18843224054
13766194034
18227110304
18830346056
13483193215
18346648639
13483690513
18200489036
13408613087
13483689327
13766188634
13251086456
18443588407
15043204824
13269064644
15069276254
18200541191
13276486583
13282071440
15196434192
18349381955
13184670563
18244347387
18284345491
18402835049
15707888872
15708944871
15708970378
13483430243
18782412778
15183864439
15183889417
15183892246
13438127769
15944247264
18780074103
15282866214
18374692074
18200428772
13945920490
18428079655
15282881854
13525818914
18402834304
15892484894
15045922497
15982943940
15984913384
13488990236
15984949954
18308412645
18482019908
13408086238
13057701843
13075703184
18482296259
18483603834
13282759649
13463985056
15283634736
18444033157
18780691264
18783100422
18349382311
18790760734
18783108104
13408149465
18380439195
18349390708
18346604459
18349382001
18349391578
18349380957
18783129471
18780093640
13766193046
18782408334
13483433117
13261861043
15828494652
13261867644
18482295992
13269067104
13269067242
13269724099
18382242933
15982848662
15165920574
18394157708
15928548211
15145936426
15928457189
18349380013
17136396493
13438570296
18381962504
18345572491
15707866630
15708902504
15708974471
17150806479
13057759549
13550662674
13091997234
18408212479
18702817900
17137528425
13123979470
13165855754
13483110732
13057714653
18843214024
13844292964
17136396492
13285704984
15196324477
18383832404
15044504940
17162766945
18783112749
18783113140
18783118154
15897387044
18458348632
15183864047
18349308265
15881470469
15883435014
18443583648
15883653514
18843559435
15944506864
15943509448
15883661449
13438556985
15943549294
13419057355
15944500432
13269076034
13027267696
18404355403
15708966174
18843216334
13057931549
13107784831
15143591574
15981605754
18443566643
15774303194
19831352705
15804359437
19831355097
18444033185
18404354025
18843552248
15843517147
15843516634
18783124945
15114354930
15988448604
17858415833
18404352431
13024684068
15943543241
18458213973
18443574435
18443584851
18458241320
13894712673
13944245174
15183860143
13408564440
15282879743
15282880134
15883416459
15883432674
17150816745
18728446706
15883434974
13419282064
13419281990
13419282510
15883665342
18483108140
15982944175
15984918403
17137523700
13419274370
13419285241
13419284254
13261830064
13269034561
13269714947
18280549674
15092534223
17137523695
13438566342
18303137274
15708905772
15708908026
15708941376
18380644045
15708949978
15708975278
15708977049
18224009278
15196445854
18380406326
18244351459
18380441546
15984792704
15828422724
18774448306
15828659874
19831358681
13064577004
17023528262
15988457041
