18200468687
18439258936
18439286375
17030611557
13419025614
15183872194
15183884476
18787056723
15911514590
15700427253
18780674607
15928540717
15828199482
18482078223
18272143112
18224092522
18380458579
13126754278
17057914078
15911745907
13261869204
18230130461
18482148672
19831344622
15902848652
19831358537
15883845342
15884284723
13550619049
15884294519
17727512059
13408590913
13668312461
15282889442
15181000473
13550664347
13438334763
15984902914
15984932423
17057914263
18308414848
18482077200
17057914262
17057914558
13295872473
18743553274
17150803549
13295700148
13936992545
18228042728
13944662883
18380644850
13617138513
18380406508
13907254832
13282096478
15072731394
15971407220
15972849458
13221704247
13282063487
15883678468
18380437942
18783108644
18224068187
13451484026
15164551467
18308434506
18308417249
18224008367
13295702415
15926712309
13438375506
18371374374
15224093290
13285708944
15025180239
17858421865
15145995492
13904899452
15700416781
18383846418
13894582614
13628104749
15143580410
17057914261
18331318655
18331320495
18331320863
15700408294
18780685134
18783189834
18783193974
15183807484
18224000392
13419374945
15892470449
18282596674
15883680194
15843587664
13216411178
18788411410
18328547626
14702868226
18200433121
18200483339
18202842585
18200470572
18281098469
18383834704
18230138458
18230139746
18224427317
18349353043
18232307197
18200490169
18331314515
19831349330
19831357679
19831358323
13404456478
13481627527
18280583847
15183823450
18384802874
14777682334
18402858996
18402858466
15804356754
18402859583
18380346152
18402859023
13451483497
13451491317
13175729416
18402861055
18443584317
18272144612
13024319942
18560791438
18349392276
15700427005
14702851643
15114012186
13936998451
