13451486609
13408050912
15570322364
15948504164
18443271660
18345579471
13057784676
13155714729
15164577045
15944212004
13451474210
13845901643
18482020072
13400417851
13173554670
13250882234
13107786423
15944248084
13408418517
13483181485
18244341348
18244343119
15708083485
13689622741
15144203243
18780691435
13550627641
18408218773
18408223967
15214606291
15114057675
15928480797
13483104356
13463958195
13483127057
15700420253
18402861163
17137925400
18783154367
18780690354
18380148698
18402861040
13438969936
13943282684
13438820939
13282099459
13438416471
13596394156
13419097644
15843587142
18384813744
13483174045
13216418029
15181347363
13483157030
15944589489
17022049658
15943232184
13698190334
13451471803
15947994512
13057794945
13438492808
13402898368
13262372194
13604454081
15144273013
13438342870
13123981401
13438816427
13483179757
18381964619
13438494756
13438360975
18384855259
13438812639
18380414140
13483667339
13175748326
13438342479
18314859497
13804653470
18380414678
13017741625
18814863880
18246845069
18200146286
18780675714
15944272909
18780692481
13483138348
18780694390
18783134207
17192125739
13408010580
18345409310
13483189619
15754445631
13778734614
18224001620
15144203923
13469483537
13635856429
13995936540
15071709514
18345436093
13216291514
18771664383
15134366574
13261838364
15579598304
15928845372
15928465287
15928546760
13400214512
13836874487
15928492609
18349331940
13483182961
15297397405
15707888939
17192126951
15718988302
15982045133
15774305694
18200242170
15928848379
15874628374
13438066641
18780168449
13630622894
13689869974
13451489141
13177951397
13133789570
13438107804
15886274087
15886274202
15928480981
15928467536
15928455833
15144248524
18482346253
15836352127
15928480389
13894214578
18814825079
18708153080
19837334538
15928470650
18383849453
18428368014
13944213634
15928455991
13596267024
13944242614
18349347442
13944608774
18272452419
18304598741
18200466505
18481943526
15828124997
13155714915
13894247563
13944248094
13017743034
13403317738
13157095463
18481964515
13483695345
18200461863
18224021977
13945986064
13483437749
15579441621
13483424225
15579446313
15579511173
18380144344
15579527618
13836975741
18224016305
18215540238
18200421073
18215541019
15228843996
15228840063
18200469367
13451475007
18215549568
18380141125
15144202213
18380144061
13541681413
18200496320
13451472768
15208349877
13105482664
13483188179
15948504614
13177722254
18444000405
18224023869
18349118507
13483116673
15982343181
13029697641
18224036371
18224013117
15208341135
18249695439
18200471660
18215641506
18314858027
15982141320
18458347230
13778332944
15228945718
18215542557
15981603548
15196344915
18444035158
18783102814
18245964630
18244345938
13944610273
18784545305
15713727605
13483133571
13458529763
13483113362
13944632213
13597604441
18349389200
13177724432
13282098461
13943298264
13636033830
13687137783
15071712575
15071700983
13282064574
15570322474
15271616408
13155711954
15926717450
15971404794
15025173832
18271534123
18272143991
18482067642
13945986549
18771664155
18126102753
18772441348
13408476926
13438479778
13438316007
18482037361
18482342291
15708975047
15708949931
13269027407
13458544793
18782005941
15069231749
15069231864
13488960568
13438877331
13438131632
18482340193
18202849327
15114031271
13668311354
13408540337
18224029932
15037264256
18380148632
18380145251
18200410356
19831352861
18443234459
13463888327
13944606913
15982408976
18224016721
18224011503
18804324224
18402862480
18402857354
15948534330
13408084326
15874633714
13419046453
15700418771
13614354178
18402856838
15208486670
15982848620
18402856960
18402858470
13400114917
13943299524
13944228034
18380145425
18200488692
18383843547
18402860859
15944250764
18228617894
13944615774
13463871079
18402855060
15982433550
13170835386
13170837176
18383114138
13170837175
15044271673
18398319093
18481946472
15183668487
15296252214
15246148265
15977623764
13285704551
13804649847
18204444503
18481944057
15283879384
18482343227
13133959309
13184689903
18200439807
18349344006
13400219633
13157096724
13020939940
13157731543
18482310211
13282054543
13486121794
15988443433
13438234771
15982467601
18782280460
18349108512
13843537249
18780024886
18224052257
13282059432
15650457375
18328549516
15892489754
18328532946
18783179046
18444076843
13944228724
15044258603
13017742579
18444019458
18482315569
18444029486
13451495570
18743231794
18224037819
18224012760
18783126214
18402870895
15243276438
18224036369
18781959734
13403314986
13654354347
15044584475
18482268638
18780066840
13458591873
13451495961
13463896319
13795878342
15700421034
13282072294
15045870419
18224023676
15208240305
15707111274
15708976045
15708979242
15283872394
18349100958
13698188934
18224036125
13451495024
18334397433
15044507432
18304354398
15926767093
18200440332
18215647077
13402498269
18224029895
15165969643
18200449075
18200438319
13974686485
13295709534
18224027058
15243221451
15700414801
13634426944
18380647349
19831355124
15896869370
18224017759
13596373214
18317706034
15214615316
15144226754
18224011530
15981272884
18224033916
13483134679
18224007539
18843280414
18408285381
13251089574
18402855944
18224005705
13483171023
15363620419
13177567659
13674438664
18380142419
14777683367
15208483087
15982427192
18378657437
18224016693
18744614393
13177957965
15143267447
13483694742
18224013391
18224060028
18481906001
18481917674
18224039367
18380141139
18380646646
18224007603
18215643182
15143289136
13674429004
18380141227
18246913146
18380144737
13400215653
13658155474
13177566605
13170835129
15928459976
15579457405
13237029954
15570327146
15044200434
18200540050
18224025983
18200543539
13400315422
18397492346
13463978429
13483431016
18349381979
15579515209
13614651419
13598121391
13403315431
15044213353
13483171811
15290461927
13451487814
13483695667
18303845521
13408075822
18790761570
18237262545
13408557652
15228941596
15114307489
18708163740
13451483203
18227100041
13483161424
13483184377
18846646460
18444028128
13558532164
13483199804
13438140407
15988438004
13483421544
13403318135
17858426577
13483439924
18200461781
13483677951
18821974431
18481909531
18224010692
15228948235
18380142532
15982498818
18783131894
13185842947
18380144721
15208455586
13185854286
18702889847
15982410568
15707174086
18200463015
15843234232
18200483067
13458521022
13463961843
18280548554
18281040477
18345421953
15708975630
15708977976
13483677812
13402483144
18345594361
13483146114
13400412657
18380144476
15828220844
13451485035
13766147413
18444006462
13400119615
18443202497
18782425894
13282069342
18458242059
13843514126
13483119200
13483431600
18244346279
13483144739
15947961247
13636071742
13438139937
18345548120
18804322784
15926772382
18772390572
13269084409
13269721164
13400311406
13483156477
18244341456
13483119508
15165980843
13894711273
13483125082
13944272754
13483106940
15944249484
18443234352
15208342607
13483181577
18743269881
13438258051
13400213715
13451497757
13451475033
18337284875
18383803349
13894700463
13451474770
13155712040
15078187727
13155710469
15114300924
15134314397
15228044894
15243226826
18377671104
13403316072
15282890084
18781955864
18481942547
15984479704
13458587813
13463119359
15363667637
13483662173
15008388430
18381839164
15947994142
18481966556
15044587947
18349343134
15143202816
13170839398
18458414490
18333413354
19831354318
13064196361
13133781872
18746618425
13483162906
15579527513
13936981024
15579834195
13483192433
18782271193
13944607594
13451498271
13596249874
13463803421
18483642047
18443826165
18443829523
18383853746
13483174039
13668313244
13483693728
13400117617
13400118744
13451490427
13403310485
13438486135
13596376461
15754417448
13596389709
13057761449
13483133765
13251084627
15283124540
13944248194
18845918149
13483169897
13173037541
13844659624
15634855053
13057767406
13107784586
18345573174
13463968267
13483670404
15729812646
13451497616
18224055737
18444054146
15700421912
13483113289
13282065453
15892464918
15883844844
13419033674
13704896442
13022649878
15214606685
15708901276
15708907417
18728048594
15143269112
15708907440
18843551049
18443809173
18744558649
13269090049
18843551348
18224033560
18224026517
13403318235
18202845987
18224003983
18744552047
18772490926
18249664926
15143594145
15143598546
18200546327
13943273064
15143268176
15004358449
19831356186
18444054997
13944583147
15004355546
15004357142
15143599446
18200435015
15043874423
18215543683
13483434472
15883646645
15982348783
15982407328
18304442674
13438174820
18224012981
13894703923
15243238170
18345580496
18843205714
18381971902
13936959489
18200482565
18215542596
18227262747
18224029792
18224026227
18333413681
13170838695
15124326859
15124400712
15143204891
18224016063
15776533040
15982405903
15283661452
13658152046
13483135109
18224039011
13483431684
18224007225
13155714815
15570345642
18215540362
15579206645
18345961147
13843519347
15570322487
18224027877
15579454401
13936733407
15579510935
15982343375
13451471179
15243238469
13463979046
18202846519
18679213414
18224005065
18782219948
18308094660
18202847313
18200456932
18443821915
18224012677
15044630633
18224012378
18200543686
15981606145
13596206162
18443242124
18308411984
18224031395
18383844160
15228948378
13483165274
13463983903
13057714752
13451481350
13157764706
13262308814
13463803282
18200416267
15181309467
13463853505
15044215403
18200416312
18283838247
15228949617
15988415324
18224006710
18224039073
18458157164
18458167560
18458346339
18458423504
18202843613
15208342110
15164550403
18224003251
18783112549
18246924216
18783122416
18783128534
18783132674
15228945732
13936760426
15714422143
13285704674
15947905884
13251084080
15662067473
18200432279
15208489639
13403211184
18224025613
18202842631
13778224735
13483150743
15208490815
18200476779
13981045842
18381481052
13943270434
18381818784
13689874764
18774433108
15706579925
13451473755
13483699035
15708945360
13463990279
13483141761
13451496558
13943294564
13483120550
15708971695
13483439137
13451493361
13403218180
13483147008
15144269773
15825543400
13483696996
13596271024
18443588046
15143267467
15281041656
13438139375
13630643924
18783127314
13943295114
18224021989
13943298794
13944211664
13438360389
18380142892
13944231674
13944241334
13944600134
15144217413
15144225394
18215543521
18200452997
15944244974
15944248654
15208342891
18798928430
13261824710
13269736434
13451498780
18380148921
18200412239
18224039589
15982346979
13894210745
17376801469
18345403161
13438124700
13694356443
18443581634
18284894530
18438544415
18345548906
13483698116
13604895945
13630750420
18384890825
13943402743
18481895441
13604893143
15144552641
18481945926
13451489812
13116847431
18781905941
13944587540
13483101391
15043502049
13944581847
13403212403
15144554347
15143287040
13943409040
15143287109
15144302927
13944604564
13944546546
18303134141
13295706749
15881473249
13943537540
13944590549
13116841021
15883659054
15703132422
13458460877
18744555145
13944591141
18282901294
13165848644
13285774692
15008360840
15202846632
13216297904
15144202883
18780691743
18783127144
18783132940
13438507549
15224024942
13177722147
13451474720
13451497933
15844509849
15988417430
15988472745
18458245543
15928483208
15928481301
15928542191
18380144668
15144204213
15621528974
15124325945
15944212574
15886248164
15944231134
18443220885
18443271393
18200148289
18224052809
18444079314
18844296334
18844297714
18328543223
18345409907
13483433065
18328542189
18380345586
18224073539
18328046283
15044587464
13088664807
18280554080
18380121040
18408219243
13155712241
13185843441
18349155253
15708244517
18280581740
13400314554
13175720446
13483112024
13483674972
13483695925
18783194511
15183818314
18336406957
18280581466
18280544072
18244346532
15707111675
15707138976
18200459057
15707199144
18782285921
13936794482
15843244047
15707199742
