13596260676
17022049834
15045942554
15184436195
13483692085
13483420840
18408221908
15043288613
13438516096
13438159451
15114395794
15228842382
13845904452
13251084585
15588544274
13483147358
13488953829
13115867749
13408011482
18380431079
18224072769
18380403190
18783101421
15928438912
13282071214
13438308669
18380137476
13547402316
13400216462
18383854359
15844584738
15943544058
15982492195
13408617009
15924137860
15114077086
15082245906
18389020467
15114022865
13635847436
15044667193
13261804646
15283853174
15928543732
15708941281
15708973734
13843512439
15043501486
18443583478
18749343228
18458181536
13282099481
18408213626
15944206004
18702870447
13177951131
18215646637
15044209753
18781997803
13483433745
15579834231
18200461321
13017743936
18383856430
18200499225
13483105128
15621527874
18224017717
18381825816
18200450332
18398302506
13282456394
13451476225
18380143808
18458195706
15944502546
18444033341
18249664531
18383850407
15044693992
13047921289
18444005626
13483153474
13402844956
18458158952
13438912671
13458591282
13116844016
15884529538
13458589848
18227144787
13483689930
15945924970
13269710047
13269773504
18383844174
18246938744
15570328480
18200436011
18744239783
13483667478
18402856665
18402858453
18428060531
18743269528
15883811241
18402881678
18402855921
15944252604
18308021737
13400214801
18402854928
13175748102
13170837170
18481911903
18482315973
18349163625
18328542595
18877617174
13064176573
18328514854
15283858460
18328543731
18349133076
13074689744
15579454526
18328549087
18443551694
15988462040
15982469956
13483437528
13658154247
15928847120
18328514292
15043550843
15621450810
18482386967
15843260942
15662043303
18443209237
18246937409
18124705744
13438206746
18224020528
13402480477
13451470822
18349397185
18782284733
13463811035
13483181451
18482287434
18443583814
13463957861
15754432371
15144251453
13216702416
13456836354
15072735440
18224015250
18224015933
18224031550
13269709274
13269795478
13408677916
18224007732
13943293174
15700414870
15143585984
13184403719
13596364704
15183800764
13596377124
15208486951
15144217393
18224022371
15944253694
18224046583
13483438059
18443551447
18224005517
15043584435
13282082495
13483420395
13282099486
18380141096
18200349651
15228077164
18481942295
18380142840
13463859674
13463967450
18227202943
15290466989
18380143123
18224021003
18380142807
18227142144
13483692730
13944243854
15945922473
18334378872
15208492133
13483143101
15124328856
15982495769
13634578046
13047920021
13177562373
13133956578
13170835071
15843587408
13184671052
13403212782
13844227114
18200498510
15208488852
15579446853
15579448095
15579454581
15579516796
13451476482
15579834219
15843261603
13408427463
18227100041
13400218343
15294659312
18443828029
13483168228
13402487841
18224063995
13483140958
13596394189
18244349864
13483159463
15988443478
15988461418
15844255374
18443270140
18200499811
18702869701
15208459108
13017743202
15662062714
15283127548
18202849362
18482239180
15208492122
15706590829
15183693454
15208459113
18200456225
18244419548
18200486671
15708909275
15708909620
13451483143
18246840231
15708970547
13451479390
13483677201
18245884625
13483691636
13408607139
13483170196
13403314739
13483167510
13483679956
13400318761
13936899472
15700412385
13451478956
15044677003
15143272713
13636067096
13944610873
15926756443
13269027484
13451485564
13483184586
15579834813
13155714894
13483181154
15944205784
13944603034
13894201869
13451475946
13451491340
18783194224
18402839916
13944589004
15834560184
13155710446
13155712094
13463881019
18244344806
18378659207
18481942156
18481942662
18481955036
15144228394
18744624167
18743875425
18244434795
13022646348
18728475657
18744239963
13282050354
18481905747
18481905563
18481906782
18481908714
18481919731
13460905760
13486394435
15947990373
18380117404
15144250413
18200400993
13944250283
15570326846
15944240764
15570346304
15579459364
15834565443
18408293732
13550659344
15579834609
