15873818024
15928431232
13844694314
18200446326
13843511470
18782248977
15883680746
18782249980
18383854162
18782249971
13993612874
18782247415
19809443267
18200146133
15662697850
15982407887
18298401572
13408079506
15982846623
15982848600
15165341940
15982842613
15269424760
18200147106
15043295913
15982407973
13843230824
18200147076
15844270384
18200147375
15843517364
15982846839
13216294489
13438170614
18298387220
18782208165
13157076424
18782246219
15293072187
18782248013
18394643462
18782236072
18793685274
18782205707
19809442715
18782209872
19809444762
18782209891
19809465347
18782252401
19809467164
18782236291
18380641545
18782237590
18383800549
18782246671
18383846434
18782235425
13698199954
13408426727
13541661586
18782246959
15043249223
18782208575
13596264897
18782270240
13419023056
18782251004
15144553574
18804351480
15730972223
13282086954
18419387575
15904354975
17837383409
13251085214
19837334471
15828455745
15883682104
18782206514
18383801148
18383855934
18782205862
18782230946
18383863409
18782206084
13830616544
18349395771
13830668547
13919755574
18402864342
18402865925
13919759944
13993654344
18402865233
18380446573
15103930377
18782206734
19809443475
15973842541
18782217762
18782219426
18444017241
18704354862
18782236472
15124331423
18782216860
18782212708
15144311063
18243244813
18782219132
18243247803
18782217785
18380149423
18343244926
15294129843
18200417595
13295709448
15769393977
18200422990
18380135428
15665707631
18380136472
15844508941
18280497617
15943506484
15754407706
18224056806
18224076782
15754441746
18380140134
15044258073
18298368246
18328045591
18302840280
18304488454
18443355485
18380150040
18280496256
15143250349
15143252741
18200249830
18380447865
15714427841
18302842082
15069276714
18349396185
15714329217
18280495271
15144212853
13904428604
18380150024
18200425958
15947981571
15947963585
18380447494
18280497776
15948602847
18380133405
15294194703
18380148594
15143592543
18280499882
15144582348
18380149925
15944505443
18302842885
18443574997
18349393699
18744551847
18380449161
18843558245
18328041208
13115700460
18302849229
13157066420
18380454531
15809363377
18349163390
18394653077
18380445307
18793668347
18280499725
19809448949
18224058129
13483161593
18380148513
13689630431
18349303657
18380649504
18328510340
18383800642
18280498638
18383849264
18380443721
15183805214
18349394705
15183817243
18349341171
15008128431
