15570327347
13944674681
18346686460
13982888744
18349350543
13402811394
15182646461
18845919284
13438341934
15588540042
13944245104
15928492592
15948400664
13438844532
18349386283
13175747169
18380423603
14726112975
18402811742
13105489654
15776166443
18343280574
18679211654
13438853913
18458409926
18200149280
13668304324
15073845915
13463989146
13731743153
15928540520
18443807870
13282054096
15037259401
18780084197
13943284664
13458572764
15982497263
13483127844
18349135776
15228945981
13402494489
15988425714
18200496397
15754439975
18428090361
13476682148
