18443828653  https://api.ffan.com/qrcode/v1/qrcode?type=png&size=200&info=043405359080
18349313087  https://api.ffan.com/qrcode/v1/qrcode?type=png&size=200&info=067805007152
18843833084  https://api.ffan.com/qrcode/v1/qrcode?type=png&size=200&info=070005157072
18349131716  https://api.ffan.com/qrcode/v1/qrcode?type=png&size=200&info=096303865968
13047921887  https://api.ffan.com/qrcode/v1/qrcode?type=png&size=200&info=012105077146
18380347579  https://api.ffan.com/qrcode/v1/qrcode?type=png&size=200&info=089304894472
15507921364  https://api.ffan.com/qrcode/v1/qrcode?type=png&size=200&info=058604974908
18345594630
15708975437
15911500545
13157734086
18380140189
13635874370
18200451875
15025195535
18346602540
15071707284
15287122972
15834557145
15926741415
15883619400
15926775133
15087176757
15926797213
13483698946
13261384552
18349349620
13261814905
13408656302
13261850348
13438122468
13269026394
13488957852
13269033478
13943239974
13269072049
13022641054
13269793490
18200479615
18444040907
13483103787
18483106291
