13438459550
13636041779
13644359048
15926709138
18302846711
18224016369
13261819451
13451496547
19831356509
13438907545
15886254714
15828438171
13638963147
15982041910
13064198736
15982049850
13177952412
15928947960
18782241351
15579203748
18380446397
15579514524
17192126073
18482310046
18443828701
15570327504
13843262924
18245992482
18704358940
13483130517
18483107618
18443586504
13205706144
15044555946
15114053956
18443583164
13022684579
13483165408
18781965200
13251047554
13285704554
18830729403
17192124344
13216417836
18443806406
13438185040
18845919294
13635838290
15044553042
13995932362
18324590405
15093955375
15208490827
15988444396
13282094025
13057890460
13216417218
13057887194
15982049075
18444012681
18380145425
15708973431
15928943706
15971406812
15928489635
18790755391
13460832894
15143595724
13269781341
13483427383
13487051531
18349396083
15363618587
15114086805
13282092410
15708902570
18380406323
18308097422
15828404887
13636074789
13438921882
17727505344
18200433189
15570322487
15984944045
13618981994
18408217801
18773885514
13944609164
15828658542
13402886069
18283833104
14702865320
18349346422
15114302241
18380415109
13419279592
18380440755
15708906017
15884532849
13476584207
13116841470
18349310712
15072723096
15143268129
15926758153
13438320283
18744238603
18380440611
13844295764
18345583405
18380406579
13175715804
13438465489
18843204284
15143200639
13483672374
13419283273
13175748846
13419284220
17858423529
15828210403
18380841504
15828204630
18783103224
18380407745
17858424610
15828494473
15570322418
15828674092
18782576984
15828232946
18443826590
18224033165
13093703049
13221721943
18224027136
15183696074
18349379983
15844581147
15604896106
18679211847
18458190523
13483101785
18349381910
13451475589
18349378679
15926747112
18349381853
13944214324
18349381029
15124308392
15579455192
15044265503
15579448078
15679245202
13578596704
18200467533
13047921279
18481949896
18794886875
18439258446
13419277335
15926778466
15928476221
15144308208
13451475081
15928470106
15948601442
18481946055
18383839940
18481955761
15928470572
15246196439
18481915027
13403313279
15708901627
15843513046
15844507547
15708977412
15144555246
15904353547
15834555949
13285704292
18458157119
15947990262
15700422113
15144248763
13269754582
13402490417
18380407490
18402859877
13276778475
13654426402
13261823024
13689874584
13269712714
