052905269672
020903677324
097005277960
066004889608
028904489250
076204679936
038904205184
094504718264
038805275656
045605143608
053604670932
013805376200
081705027432
042205316956
006604701566
013105251790
009304117316
035305263568
084405152416
027005061648
011404854254
012305385446
009805292160
021602760716
074405257264
046504717540
079005211408
038705325752
059505032624
044202622580
090805228512
093005132576
005605237700
093204249704
057905326912
083805296168
050605369432
063905239112
091304693168
048705309280
035404617008
037604979876
021405382754
004305248851
026805277820
000205074140
088603918568
036805237380
033805043040
051005372896
067805139192
093805285760
001005349191
002505002692
021005001642
075105275824
016004907930
047103934948
052905373420
036305121168
072405362256
059504849232
091705153344
034104515492
005803901076
085205019408
034605132836
066605300172
049805360160
016105362270
059005380352
063505378232
083005075008
077405064912
007105073670
014704902190
054805258052
055405017140
003405120115
047705144952
066405363180
046104943860
096405141104
024405289492
038404913828
021505372548
095605054968
090605062312
066004788832
039805150348
065805292584
056505393276
009205143322
096604902976
066105357972
059204982416
065305356452
071304654184
006504596107
073205087648
057405058724
080705044976
045703497564
005105066853
032605365306
035404692576
063905202144
038204843048
032804686874
082005148232
073005216408
099403153392
030004252090
069804952920
099705344400
000705150554
065105301684
049105051368
047705300584
001205001308
009105042114
026505026004
064205025416
096505324640
001405132723
086005107568
031105398496
045103668572
015905039916
069105005480
089905359648
094805336584
045805345024
010505027546
051305298020
032004678606
042405206724
030605219950
063004398292
000505212499
042205279656
028304588382
003304906228
040104953260
019404848180
089205053416
083804775904
075304597432
002405296785
094305081616
022504647156
072104713392
088605338200
083405075128
032005390604
050505162356
052505369992
042004910508
047504890208
062005118328
065705399268
070604896944
033005206984
021605060238
067105360680
053005119172
083805063672
047205141616
039205087276
